1.3979 0.6704 0.6900 1.2423 0.9313 0.8982 0.7611 0.7579 0.6387 0.9542 0.9641 1.5458 1.1176 1.1739 1.2166 1.3047 1.6811 1.4630 
1.3668 0.6478 0.6594 1.2065 0.9052 0.8593 0.7255 0.7397 0.6202 0.9513 0.9697 1.5187 1.1095 1.1616 1.2025 1.2946 1.6549 1.4629 
1.5304 0.5911 0.6186 1.0399 0.9599 0.8280 1.0170 1.1245 0.9255 1.2235 1.2018 1.8640 1.4151 1.4839 1.1938 1.6327 1.8087 1.6524 
1.1020 0.6177 0.4886 0.3541 0.7522 0.2909 0.7907 1.1172 0.9677 1.3354 1.4210 1.5310 1.5005 1.5043 1.1720 1.6347 1.4598 1.7523 
0.9757 0.1851 0.2298 0.7979 0.4654 0.4836 0.4277 0.5702 0.3624 0.7363 0.7928 1.2649 1.1605 1.2012 1.0164 1.2683 1.3725 1.3107 
0.4674 1.0452 1.0573 1.1846 0.6962 1.0465 0.7892 0.8539 0.8522 0.7309 0.8517 0.5637 1.5263 1.5397 1.4254 1.4251 1.1156 1.2662 
1.3428 1.4809 1.4478 1.5977 1.4246 1.4238 1.1691 1.1971 1.2816 1.4567 1.5928 1.2760 0.7650 0.6503 1.0216 0.5970 0.7948 1.1421 
1.3403 1.4408 1.4987 1.7650 1.2926 1.5992 1.3474 1.2536 1.2486 1.0656 1.0699 1.3349 1.0401 1.1114 1.0248 0.9094 0.9138 0.3608 
1.2661 1.2510 1.3144 1.5511 1.1471 1.4224 1.2467 1.1898 1.1460 1.0315 1.0374 1.3907 0.9612 1.0378 0.7359 0.8730 0.8019 0.2547 
1.2435 1.1803 1.1310 1.2036 1.1596 1.0795 1.0545 1.2104 1.1819 1.4102 1.5140 1.4215 0.7558 0.7189 0.5710 0.8174 0.6609 1.1044 
1.3501 1.3231 1.3003 1.5444 1.2805 1.3163 1.0955 1.1274 1.1544 1.2962 1.3866 1.3311 0.5219 0.4978 0.8309 0.5431 0.8333 0.9439 
1.1773 1.2885 1.3375 1.5413 1.1414 1.4150 1.2136 1.1707 1.1511 1.0400 1.0759 1.2641 0.9601 1.0151 0.7842 0.8242 0.6455 0.3030 
1.7768 1.1692 1.1872 1.5336 1.3902 1.3282 1.3126 1.3250 1.2345 1.4636 1.4680 1.9685 0.6771 0.7680 0.6269 0.9775 1.4257 1.1643 
1.6473 1.1203 1.1024 1.3768 1.3028 1.1798 1.2076 1.2924 1.2056 1.4770 1.5124 1.8523 0.6237 0.6810 0.5171 0.9353 1.2565 1.2019 
1.1502 1.2581 1.2998 1.4766 1.1035 1.3623 1.2000 1.1921 1.1566 1.0674 1.1042 1.2757 0.9805 1.0361 0.7400 0.8772 0.5993 0.4126 
1.4003 1.0563 1.0438 1.2247 1.1554 1.0886 1.0934 1.1889 1.1194 1.3552 1.4184 1.6295 0.6620 0.6830 0.2852 0.8168 0.9287 1.0151 
1.6012 1.1899 1.1253 1.2020 1.3237 1.0901 1.2570 1.4512 1.3580 1.6700 1.7364 1.8738 0.9409 0.9438 0.6426 1.1817 1.1949 1.4539 
1.3738 1.0564 1.0503 1.2607 1.0911 1.0990 1.1171 1.2232 1.1247 1.2830 1.3147 1.5998 0.7226 0.7962 0.3682 0.9105 0.9155 0.9225 
1.0670 1.2297 1.2447 1.3098 1.0536 1.2490 1.1811 1.2607 1.2070 1.1907 1.2506 1.2813 1.0731 1.1080 0.6879 1.0040 0.4183 0.7015 
1.5702 1.0557 1.0790 1.3760 1.1921 1.1999 1.2215 1.2723 1.1541 1.3156 1.3107 1.8046 0.7306 0.8390 0.3984 0.9784 1.1882 0.9576 
1.3800 1.0925 1.1250 1.4373 1.1460 1.2411 1.0813 1.0516 1.0105 1.1216 1.1580 1.5044 0.4477 0.5351 0.4068 0.5411 0.9123 0.6138 
1.4871 1.0795 1.0963 1.3568 1.1444 1.1890 1.2108 1.2824 1.1649 1.2855 1.2827 1.7186 0.8008 0.9041 0.4639 1.0094 1.0879 0.9157 
