1085 1568 1561 1803 1939 2064 2067 2170 2228 2146 2381 2019 1883 1670 1656 1515 1077 928 1262 1125 188 253 7 
7 253 188 928 1125 1262 1077 1515 1656 1670 1883 2019 2381 2146 2228 2170 2067 2064 1939 1803 1568 1561 1085 
1085 1561 1568 1803 1939 2170 2064 2067 2228 2146 2381 2019 1883 1670 1656 1515 1077 928 1262 1125 188 253 7 
7 253 1085 1568 1561 1803 1939 2064 2067 2170 2228 2146 2381 2019 1883 1670 1656 1515 1077 928 1125 1262 188 
1085 1568 1561 1803 1939 2064 2067 2170 2228 2146 2381 2019 1883 1670 1656 1515 1077 928 1125 1262 188 253 7 
1085 1568 1561 1803 1939 2170 2067 2064 2228 2146 2381 2019 1883 1670 1656 1515 1077 928 1262 1125 188 253 7 
1085 1561 1568 1803 1939 2170 2064 2067 2228 2146 2381 2019 1883 1670 1656 1515 1077 928 1262 1125 188 253 7 
1085 1561 1568 1803 1939 2064 2067 2170 2228 2146 2381 2019 1883 1670 1656 1515 1077 928 1125 1262 188 253 7 
7 253 188 1125 1262 928 1077 1515 1656 1670 1883 2019 2381 2146 2228 2170 2067 2064 1939 1803 1561 1568 1085 
7 253 188 1262 1125 928 1077 1515 1656 1670 1883 2019 2381 2146 2228 2067 2064 2170 1939 1803 1568 1561 1085 
1085 1561 1568 1803 1939 2064 2067 2170 2228 2146 2381 2019 1883 1670 1656 1515 1077 928 1262 1125 188 253 7 
7 253 1085 1561 1568 1803 1939 2064 2067 2170 2228 2146 2381 2019 1883 1670 1656 1515 1077 928 1262 1125 188 
7 253 188 1262 1125 928 1077 1656 1515 1670 1883 2019 2381 2146 2228 2067 2064 2170 1939 1803 1568 1561 1085 
7 253 188 1125 1262 928 1077 1515 1656 1670 1883 2019 2381 2146 2228 2170 2067 2064 1939 1803 1561 1568 1085 
188 1125 1262 928 1077 1515 1656 1670 1883 2019 2381 2146 2228 2170 2067 2064 1939 1803 1561 1568 1085 253 7 
7 253 1085 1125 1262 1568 1561 1803 1939 2170 2064 2067 2228 2146 2381 2019 1883 1670 1656 1515 1077 928 188 
165 431 448 794 933 1295 1073 958 1030 901 761 1137 1375 1735 2085 2342 2393 2303 2190 1705 1801 1579 1460 1462 1233 855 
165 431 448 794 933 1295 1073 958 1030 901 761 1137 1375 1735 2085 2342 2393 2303 2190 1705 1801 1579 1460 1462 1233 855 
1462 1460 1579 1801 1705 2190 2303 2393 2342 2085 1735 1375 1137 1233 855 761 901 1030 958 1073 1295 933 794 448 431 165 
855 1233 1462 1460 1579 1801 1705 2190 2303 2393 2342 2085 1735 1375 1137 901 761 1030 958 1073 1295 933 794 448 431 165 
855 1233 1462 1460 1579 1801 1705 2190 2303 2393 2342 2085 1735 1375 1137 761 901 1030 958 1073 1295 933 794 448 431 165 
855 1233 1137 1375 1462 1460 1579 1801 2303 2190 1705 1735 2085 2342 2393 1295 1073 958 1030 933 794 448 431 165 901 761 
855 1233 1462 1460 1579 1801 1705 2190 2303 2393 2342 2085 1735 1375 1137 901 761 1030 958 1073 1295 933 794 448 431 165 
855 761 901 1137 1233 1375 1462 1460 1579 1801 2303 2190 1705 1735 2085 2342 2393 1295 1073 958 1030 933 794 448 431 165 
165 431 448 794 933 958 1073 1295 1030 901 761 855 1233 1137 1375 1735 2085 2342 2393 2303 2190 1705 1801 1579 1460 1462 
165 431 448 794 933 958 1073 1295 2393 2342 2085 1735 1705 2190 2303 1801 1579 1460 1462 1375 1233 1137 1030 901 761 855 
165 431 448 794 933 1295 1073 958 1030 901 761 1137 1375 1735 2085 2342 2393 2303 2190 1705 1801 1579 1460 1462 1233 855 
855 1233 1462 1460 1579 1801 1705 2190 2303 2393 2342 2085 1735 1375 1137 761 901 1030 958 1073 1295 933 794 448 431 165 
165 431 448 794 933 1295 1073 958 1030 901 761 855 1233 1137 1375 1735 2085 2342 2393 2303 2190 1705 1801 1579 1460 1462 
165 431 448 794 933 1295 1073 958 1030 901 761 855 1233 1137 1375 1735 2085 2342 2393 2303 2190 1705 1801 1579 1460 1462 
165 431 448 794 933 1295 1073 958 1030 901 761 1137 1375 1735 2085 2342 2393 2303 2190 1705 1801 1579 1460 1462 1233 855 
165 431 448 794 933 958 1073 1295 1030 901 761 1137 1375 1735 2085 2342 2393 2303 2190 1705 1801 1579 1460 1462 1233 855 
1081 1206 1232 1248 1372 1162 1309 948 671 433 90 345 701 2145 2389 1845 1931 1928 1921 1444 
90 433 345 701 671 948 1162 1309 2145 2389 1845 1931 1928 1921 1444 1372 1248 1232 1206 1081 
1081 1444 1921 1928 1931 1845 2389 2145 1309 701 345 90 433 671 948 1162 1372 1248 1232 1206 
1081 1206 1232 1248 1372 1444 1921 1928 1931 1845 2389 2145 1309 1162 948 671 701 345 433 90 
1081 1206 1232 1248 1372 1444 1921 1928 1931 1845 2389 2145 1309 1162 948 671 701 345 433 90 
1081 1206 1232 1248 1372 1162 1309 948 671 433 90 345 701 2145 2389 1845 1931 1928 1921 1444 
1081 1206 1232 1162 1372 1248 1444 1921 1928 1931 1845 2389 2145 1309 948 671 701 345 90 433 
1081 1206 1232 1248 1372 1444 1921 1928 1931 1845 2389 2145 1309 1162 948 671 701 345 433 90 
90 433 345 701 671 948 1162 1309 2145 2389 1845 1931 1928 1921 1444 1372 1248 1232 1206 1081 
90 433 345 701 671 948 1162 1309 2145 2389 1845 1931 1928 1921 1444 1372 1248 1232 1206 1081 
1081 1206 1232 1248 1372 1444 1921 1928 1931 1845 2389 2145 1309 1162 948 671 701 345 433 90 
1081 1206 1232 1248 1372 1444 1921 1928 1931 1845 2389 2145 1309 1162 948 671 701 345 433 90 
90 433 345 701 671 948 1162 1309 2145 2389 1845 1931 1928 1921 1444 1372 1248 1232 1206 1081 
90 433 345 701 671 948 1162 1309 2145 2389 1845 1931 1928 1921 1444 1372 1248 1232 1206 1081 
90 433 345 701 671 948 1162 1309 2145 2389 1845 1931 1928 1921 1444 1372 1248 1232 1206 1081 
1372 1248 1232 1206 1081 1444 1921 1928 1931 1845 2389 2145 1309 1162 948 671 701 345 433 90 
379 873 867 1129 1206 1097 1444 1344 1837 2290 2187 2196 2125 2149 1774 1633 1518 1551 1438 1418 1150 820 464 423 396 270 
270 396 423 464 820 1150 1418 1438 1551 1633 1518 1774 2149 2125 2196 2290 2187 1837 1344 1444 1097 1206 1129 867 873 379 
379 873 867 1129 1206 1097 1444 1344 1837 2290 2187 2196 2125 2149 1774 1518 1633 1551 1438 1418 1150 820 464 423 396 270 
379 873 867 1129 1206 1097 1444 1344 1518 1837 2290 2187 2196 2125 2149 1774 1551 1633 1438 1418 1150 820 464 423 396 270 
379 873 867 1129 1206 1097 1444 1344 1837 2290 2187 2196 2125 2149 1774 1633 1518 1551 1438 1418 1150 820 464 423 396 270 
379 873 867 1129 1206 1097 1444 1344 1837 2290 2187 2196 2125 2149 1774 1518 1633 1551 1438 1418 1150 820 464 423 396 270 
379 873 867 1129 1206 1097 1444 1344 1518 1837 2290 2187 2196 2125 2149 1774 1633 1551 1438 1418 1150 820 464 423 396 270 
379 873 867 1129 1206 1097 1444 1344 1518 1837 2290 2187 2196 2125 2149 1774 1633 1551 1438 1418 1150 820 464 423 396 270 
270 396 423 464 820 1150 1418 1438 1551 1633 1774 2149 2125 2196 2290 2187 1837 1518 1344 1444 1097 1206 1129 867 873 379 
270 396 423 464 820 1150 1518 1633 1418 1438 1551 1774 2149 2125 2196 2187 2290 1837 1344 1444 1097 1206 1129 867 873 379 
379 873 867 1129 1206 1097 1444 1344 1837 2187 2290 2196 2125 2149 1774 1518 1633 1551 1438 1418 1150 820 464 423 396 270 
379 873 867 1129 1206 1097 1444 1344 1837 2290 2187 2196 2125 2149 1774 1518 1633 1551 1438 1418 1150 820 464 423 396 270 
270 396 423 464 820 1150 1418 1438 1551 1633 1518 1774 2149 2125 2196 2290 2187 1837 1344 1444 1097 1206 1129 867 873 379 
270 396 423 464 820 1150 1418 1438 1551 1633 1518 1774 2149 2125 2196 2290 2187 1837 1344 1444 1097 1206 1129 867 873 379 
270 396 423 464 820 1150 1418 1438 1551 1633 1518 1774 2149 2125 2196 2187 2290 1837 1344 1444 1097 1206 1129 867 873 379 
396 423 464 820 1150 1418 1438 1551 1633 1518 1774 2149 2125 2196 2290 2187 1837 1344 1444 1097 1206 1129 867 873 379 270 
365 304 331 454 467 824 1182 929 1152 1503 2119 2191 1942 1955 1828 1688 1443 1133 889 975 870 500 
365 304 331 454 467 824 1182 1152 929 889 870 975 1133 1503 2119 2191 1942 1828 1955 1688 1443 500 
500 1443 1688 1828 1955 1942 2191 2119 1503 1133 975 870 889 929 1152 1182 824 467 454 331 304 365 
365 500 1443 1688 1955 1828 1942 2191 2119 1503 1133 975 870 889 929 1152 1182 824 467 454 331 304 
500 1443 1688 1828 1955 1942 2191 2119 1503 1133 870 975 889 929 1152 1182 824 467 454 331 304 365 
500 1443 1688 1828 1955 1942 2191 2119 1503 1133 975 870 889 929 1152 1182 824 467 454 331 304 365 
365 500 889 975 870 1133 1443 1688 1828 1955 1942 2191 2119 1503 1152 929 1182 824 467 454 331 304 
365 500 889 975 870 1443 1688 1828 1955 1942 2191 2119 1503 1133 1152 929 1182 824 467 454 331 304 
500 975 870 889 1133 1443 1688 1828 1955 1942 2191 2119 1503 1152 929 1182 824 467 454 331 304 365 
365 304 331 454 467 824 1182 929 1152 1503 2119 2191 1942 1955 1828 1688 1443 1133 889 975 870 500 
304 331 454 467 824 1182 1152 929 889 975 870 1133 1503 2119 2191 1942 1828 1955 1688 1443 500 365 
365 500 975 870 889 1133 1443 1688 1828 1955 1942 2191 2119 1503 1152 929 1182 824 467 454 331 304 
304 331 454 467 824 1182 929 1152 1133 1503 2119 2191 1942 1828 1955 1688 1443 870 889 975 500 365 
304 331 454 467 824 1182 929 1152 1133 1503 2119 2191 1942 1828 1955 1688 1443 889 870 975 500 365 
304 331 454 467 824 1182 929 1152 1133 1503 2119 2191 1942 1828 1955 1688 1443 975 889 870 500 365 
365 500 889 870 975 1133 1443 1688 1828 1955 1942 2191 2119 1503 1152 929 1182 824 467 454 331 304 
59 341 479 595 468 1032 928 1019 1381 1599 1619 1897 1994 2003 2166 2303 1929 1835 1813 1691 1345 655 520 536 526 
59 341 479 468 595 1032 928 1897 1994 2003 1619 1835 1813 1929 2303 2166 1691 1345 1599 1381 1019 655 526 536 520 
59 341 595 479 468 1032 928 1897 1994 2003 1619 1835 1813 2303 2166 1929 1691 1345 1599 1381 1019 655 526 536 520 
59 341 595 479 468 928 1032 1897 1994 2003 2303 2166 1929 1835 1813 1691 1345 1599 1619 1381 1019 655 536 520 526 
1345 1691 1813 1835 1929 2303 2166 2003 1994 1897 1619 1599 1381 1019 1032 928 595 341 479 468 536 655 526 520 59 
526 536 655 1019 1381 1619 1599 1345 1691 1813 1835 1929 2166 2303 2003 1994 1897 928 1032 595 479 468 341 59 520 
526 536 655 1345 1599 1691 1835 1813 1929 2303 2166 2003 1994 1897 1619 1381 1019 928 1032 595 341 479 468 520 59 
526 536 520 655 1019 1381 1599 1345 1691 1813 1929 2166 2303 1835 1619 2003 1994 1897 928 1032 468 479 595 341 59 
520 536 526 655 1019 1381 1599 1345 1691 1813 1929 2303 2166 1835 1619 2003 1994 1897 928 1032 468 595 479 341 59 
59 341 479 595 468 928 1032 1897 1994 2003 2303 2166 1929 1835 1813 1691 1345 1599 1619 1381 1019 655 520 536 526 
59 520 468 479 341 595 928 1032 1897 1994 2003 2303 2166 1929 1813 1835 1691 1345 1599 1619 1381 1019 655 536 526 
59 341 479 595 468 928 1032 1897 1994 2003 2303 2166 1929 1813 1835 1691 1345 1599 1619 1381 1019 655 520 536 526 
59 341 479 595 468 928 1032 1019 1381 1599 1619 1897 1994 2003 2303 2166 1929 1813 1835 1691 1345 655 520 536 526 
59 341 479 595 468 1032 928 1897 1994 2003 1835 1929 2166 2303 1813 1691 1345 1599 1619 1381 1019 655 536 526 520 
59 341 479 468 595 1032 928 1897 1994 2003 1619 1835 2303 2166 1929 1813 1691 1345 1599 1381 1019 655 536 526 520 
59 341 479 595 468 928 1032 1897 1994 2003 2303 2166 1929 1835 1813 1691 1345 1599 1619 1381 1019 655 536 526 520 
724 860 889 1715 1710 1578 2047 2047 2177 2180 2342 2238 2389 2371 1883 1627 1406 1414 801 583 193 281 287 379 
379 287 281 193 583 801 1414 1406 1627 1883 2389 2371 2238 2342 2180 2177 2047 2047 1578 1715 1710 889 860 724 
379 724 860 889 1715 1710 1578 2047 2047 2177 2180 2342 2238 2371 2389 1883 1627 1406 1414 801 583 193 281 287 
379 724 860 889 1578 1715 1710 2047 2047 2177 2180 2342 2238 2371 2389 1883 1627 1406 1414 801 583 193 281 287 
724 860 889 1715 1710 1578 2047 2047 2177 2180 2342 2238 2371 2389 1883 1627 1406 1414 801 583 193 281 287 379 
379 287 281 193 583 801 1414 1406 1627 1883 2389 2371 2238 2342 2180 2177 2047 2047 1578 1715 1710 889 860 724 
379 724 860 889 801 1406 1883 2389 2371 2238 2342 2180 2177 2047 2047 1578 1710 1715 1627 1414 583 193 281 287 
379 724 860 889 1715 1710 1578 2047 2047 2177 2180 2238 2342 2371 2389 1883 1627 1406 1414 801 583 193 281 287 
287 281 193 583 801 1414 1406 1627 1883 2389 2371 2342 2238 2180 2177 2047 2047 1578 1710 1715 889 860 724 379 
287 281 193 583 801 1414 1406 1627 1883 2371 2389 2238 2342 2180 2177 2047 2047 1578 1710 1715 889 860 724 379 
287 281 193 583 801 1414 1406 1627 1883 2389 2371 2238 2342 2180 2177 2047 2047 1578 1710 1715 889 860 724 379 
379 724 860 889 1715 1710 1578 2047 2047 2177 2180 2342 2238 2371 2389 1883 1627 1406 1414 801 583 193 281 287 
287 281 193 583 801 1414 1406 1627 1883 2389 2371 2342 2238 2180 2177 2047 2047 1578 1715 1710 889 860 724 379 
287 281 193 583 801 1414 1406 1627 1883 2389 2371 2238 2342 2180 2177 2047 2047 1578 1710 1715 889 860 724 379 
287 281 193 583 801 889 1406 1414 1627 1883 2371 2389 2238 2342 2180 2177 2047 2047 1710 1715 1578 860 724 379 
287 379 724 860 889 1715 1710 1578 2047 2047 2177 2180 2342 2238 2389 2371 1883 1627 1406 1414 801 583 193 281 
139 262 510 544 471 587 1395 1427 1265 1253 1482 1598 1494 1648 1666 1653 1554 1915 2038 2257 1986 2105 2312 2182 2057 1458 966 
139 262 510 544 471 587 1395 1265 1253 1482 1598 1494 1648 1666 1653 1427 1554 1915 2038 2257 2105 1986 2312 2182 2057 1458 966 
139 966 1253 1265 1482 1494 1598 1458 2057 2182 2312 2105 1986 2257 2038 1915 1648 1666 1554 1653 1427 1395 587 471 544 510 262 
139 262 510 966 1253 1265 1482 1494 1598 1458 2057 2182 2312 2105 1986 2257 2038 1915 1666 1648 1554 1653 1427 1395 587 471 544 
966 1253 1265 1482 1494 1598 1458 2057 2182 2312 1986 2105 2257 2038 1915 1554 1648 1666 1653 1427 1395 587 471 544 510 262 139 
966 1253 1265 1482 1494 1598 1458 2057 2182 2312 2105 1986 1915 2038 2257 1666 1648 1653 1554 1427 1395 587 471 544 510 262 139 
966 1253 1265 1482 1494 1598 1458 2057 2182 2312 2105 1986 1915 2038 2257 1666 1648 1653 1554 1427 1395 587 471 544 510 262 139 
139 262 510 966 1253 1265 1482 1598 2312 2182 2057 1458 1494 1986 2105 2257 2038 1915 1648 1666 1653 1554 1427 1395 587 471 544 
262 510 544 471 587 1395 1427 1554 1653 1648 1666 2257 2038 1915 1986 2105 2312 2182 2057 1458 1598 1494 1482 1265 1253 966 139 
139 262 510 544 471 587 1395 1427 1554 1653 1666 1648 1986 1915 2038 2257 2105 2312 2182 2057 1458 1598 1494 1482 1265 1253 966 
139 966 1253 1265 1482 1494 1598 1458 2057 2182 2312 2105 1986 1915 2038 2257 1666 1648 1554 1653 1427 1395 587 471 544 510 262 
139 262 510 966 1253 1265 1482 1598 1494 1458 2057 2182 2312 2105 1986 1915 2038 2257 1648 1666 1554 1653 1427 1395 587 471 544 
544 471 587 1265 1395 1427 1653 1554 1666 1648 1986 1915 2038 2257 2105 2312 2182 2057 1458 1598 1494 1482 1253 966 510 262 139 
544 471 587 1554 1666 1648 1653 1427 1395 1265 1253 1482 1494 1598 1986 1915 2038 2257 2105 2312 2182 2057 1458 966 510 262 139 
544 471 587 1265 1395 1427 1653 1554 1648 1666 1915 2038 2257 2105 1986 2312 2182 2057 1458 1598 1494 1482 1253 966 510 262 139 
139 262 510 966 1253 1265 1482 1494 1598 1458 2057 2182 2312 2105 1986 1915 2038 2257 1648 1666 1554 1653 1427 1395 587 471 544 
136 618 980 1084 1091 1381 1484 1727 1954 1877 2000 2363 2366 1912 1669 1512 1199 570 453 274 247 
136 247 274 453 570 1199 1381 1484 1512 1669 1912 2366 2363 2000 1877 1954 1727 1091 1084 980 618 
136 618 980 1084 1091 1727 1954 1877 2000 2363 2366 1912 1669 1512 1484 1381 1199 570 453 274 247 
136 247 618 980 1084 1091 1727 1954 1877 2000 2363 2366 1912 1669 1512 1484 1381 1199 570 453 274 
618 980 1084 1091 1727 1954 1877 2000 2363 2366 1912 1669 1512 1484 1381 1199 570 453 274 247 136 
618 980 1084 1091 1381 1484 1727 1954 1877 2000 2363 2366 1912 1669 1512 1199 570 453 274 247 136 
618 980 1084 1091 1381 1484 1727 1954 1877 2000 2363 2366 1912 1669 1512 1199 570 453 274 247 136 
136 247 618 980 1084 1091 1727 1954 1877 2000 2363 2366 1912 1669 1512 1484 1381 1199 570 453 274 
247 274 453 570 1199 1381 1484 1512 1669 1912 2366 2363 2000 1877 1954 1727 1091 1084 980 618 136 
247 274 453 570 1199 1381 1484 1512 1669 1912 2366 2363 2000 1877 1954 1727 1091 1084 980 618 136 
136 618 980 1084 1091 1727 1954 1877 2000 2366 2363 1912 1669 1512 1484 1381 1199 570 453 274 247 
247 136 618 980 1084 1091 1727 1954 1877 2000 2363 2366 1912 1669 1512 1484 1381 1199 570 453 274 
274 453 570 1199 1381 1484 1512 1669 1912 2366 2363 2000 1877 1954 1727 1091 1084 980 618 247 136 
274 453 570 1199 1381 1484 1512 1669 1912 2366 2363 2000 1877 1954 1727 1091 1084 980 618 136 247 
274 453 570 1199 1381 1484 1512 1669 1912 2366 2363 2000 1877 1954 1727 1091 1084 980 618 136 247 
274 453 570 1199 1381 1484 1512 1669 1912 2366 2363 2000 1877 1954 1727 1091 1084 980 618 136 247 
381 775 525 468 93 108 575 585 480 1075 1182 1798 2353 2329 2170 2042 1939 1737 1596 1037 1141 892 1329 
93 108 468 575 585 480 1182 1075 1798 2353 2329 2170 2042 1939 1737 1596 1329 892 1037 1141 775 525 381 
381 525 775 1037 1141 892 1329 1596 1737 1939 2042 2170 2329 2353 1798 1075 1182 480 585 575 468 108 93 
381 525 775 1141 1037 892 1329 1596 1737 1939 2042 2170 2329 2353 1798 1182 1075 480 585 575 468 108 93 
381 525 775 1141 1037 892 1329 1596 1737 1939 2042 2170 2329 2353 1798 1182 1075 480 585 468 575 93 108 
381 892 1037 1141 775 525 468 108 93 575 585 480 1075 1182 1798 2353 2329 2170 2042 1939 1737 1596 1329 
381 525 775 1037 1141 892 1329 1596 1737 1939 2042 2170 2329 2353 1798 1075 1182 480 585 575 468 108 93 
381 525 775 1141 1037 892 1329 1596 1737 1939 2042 2170 2329 2353 1798 1182 1075 585 480 575 468 108 93 
1329 1596 1737 1939 2042 2170 2329 2353 1798 1182 1075 480 585 575 93 108 468 525 775 1141 1037 892 381 
93 108 468 575 585 480 1182 1075 1798 2353 2329 2170 2042 1939 1737 1596 1329 892 1037 1141 775 525 381 
93 108 468 575 585 480 1182 1075 1798 2353 2329 2170 2042 1939 1737 1596 1329 892 1037 1141 775 525 381 
381 525 775 1141 1037 892 1329 1596 1737 1939 2042 2170 2329 2353 1798 1182 1075 480 585 575 468 108 93 
93 108 468 575 585 480 1075 1182 1798 2353 2329 2170 2042 1939 1737 1596 1329 892 1141 1037 775 525 381 
93 108 468 575 585 480 1182 1075 1798 2353 2329 2170 2042 1939 1737 1596 1329 892 1037 1141 775 525 381 
93 108 468 575 480 585 1075 1182 1798 2353 2329 2170 2042 1939 1737 1596 1329 892 1037 1141 775 525 381 
93 108 468 575 585 480 1075 1182 1798 2353 2329 2170 2042 1939 1737 1596 1329 892 1141 1037 775 525 381 
396 409 676 662 333 459 720 713 914 1155 1512 1675 1905 2034 1984 2364 2360 2285 2049 1708 1688 1715 1479 1142 868 634 505 
396 409 634 662 676 333 459 720 713 914 1155 1142 1512 1675 1905 2034 1984 2364 2360 2285 2049 1708 1688 1715 1479 868 505 
396 409 868 1715 1688 1708 2049 2285 2364 2360 1984 2034 1905 1675 1512 1479 1142 1155 914 713 720 459 333 662 676 634 505 
505 868 1715 1688 1708 2049 2285 2360 2364 1984 2034 1905 1675 1512 1479 1142 1155 914 713 720 459 333 662 676 634 409 396 
505 634 868 1688 1715 1708 2049 2285 2364 2360 1984 2034 1905 1675 1512 1479 1142 1155 914 713 720 459 333 676 662 396 409 
868 634 662 676 1142 1479 1715 1688 1708 2049 2285 2360 2364 1984 2034 1905 1675 1512 1155 914 713 720 459 333 396 409 505 
505 634 868 1479 1984 1715 1688 1708 2049 2285 2360 2364 2034 1905 1675 1512 1155 1142 914 333 459 720 713 676 662 409 396 
505 868 409 634 662 676 1142 1479 1715 1688 1708 2049 2285 2360 2364 1984 2034 1905 1675 1512 1155 914 713 720 459 333 396 
409 662 676 1142 1479 1984 1715 1688 1708 2049 2285 2360 2364 2034 1905 1675 1512 1155 914 713 720 459 333 396 634 868 505 
396 409 634 676 662 333 459 720 713 914 1155 1142 1512 1675 1905 2034 1984 2360 2364 2285 2049 1708 1715 1688 1479 868 505 
396 409 868 1715 1688 1708 2049 2285 2364 2360 1984 2034 1905 1675 1512 1479 1142 1155 914 713 720 459 333 662 676 634 505 
505 868 1715 1688 1708 2049 2285 2360 2364 1984 2034 1905 1675 1512 1479 1142 1155 914 333 459 720 713 676 662 634 409 396 
396 409 634 676 662 333 459 720 713 914 1155 1142 1512 1675 1905 2034 1984 2364 2360 2285 2049 1708 1688 1715 1479 868 505 
396 409 676 662 333 459 720 713 914 1155 1512 1675 1905 2034 1984 2360 2364 2285 2049 1708 1688 1715 1479 1142 868 634 505 
396 409 868 1715 1688 1708 2049 2285 2360 2364 1984 2034 1905 1675 1512 1479 1142 1155 914 713 720 459 333 662 676 634 505 
409 634 505 868 1479 1715 1688 1708 2049 2285 2360 2364 1984 2034 1905 1675 1512 1142 1155 914 713 720 459 333 662 676 396 
606 400 398 416 761 1011 1108 1346 1442 1803 2335 2096 1747 1753 2151 1905 1182 928 706 448 221 201 171 365 
365 398 400 416 761 1011 1108 1346 1442 1803 2335 2096 1747 1753 2151 1905 1182 928 706 448 221 201 171 606 
365 398 400 171 201 221 448 706 928 1182 1905 2151 1753 1747 2096 2335 1803 1442 1346 1108 1011 761 416 606 
365 606 761 1011 1108 1346 1442 1803 2096 2335 1747 1753 2151 1905 1182 928 706 448 221 201 416 400 398 171 
606 171 201 221 448 706 928 1182 1905 2151 1753 1747 2096 2335 1803 1442 1346 1108 1011 761 416 400 398 365 
606 761 1011 1108 1346 1442 1803 2335 2096 1747 1753 2151 1905 1182 928 706 448 221 201 416 400 398 171 365 
606 171 201 221 448 706 928 1182 1905 2151 1753 1747 2096 2335 1803 1442 1346 1108 1011 761 416 400 398 365 
606 365 398 400 416 761 1011 1108 1346 1442 1803 2096 2335 1747 1753 2151 1905 1182 928 706 448 221 201 171 
606 398 400 416 761 1011 1108 1346 1442 1803 2335 2096 1747 1753 2151 1905 1182 928 706 448 221 201 171 365 
365 398 400 416 761 1011 1108 1346 1442 1803 2096 2335 1747 1753 2151 1905 1182 928 706 448 221 201 171 606 
365 398 400 416 761 1011 1108 1346 1442 1803 2096 2335 1747 1753 2151 1905 1182 928 706 448 221 201 171 606 
606 365 398 400 416 761 1011 1108 1346 1442 1803 2335 2096 1747 1753 2151 1905 1182 928 706 448 221 201 171 
171 201 221 448 706 928 1182 1905 2151 1753 1747 2096 2335 1803 1442 1346 1108 1011 761 416 400 398 606 365 
171 201 221 448 706 928 1182 1905 2151 1753 1747 2096 2335 1803 1442 1346 1108 1011 761 416 400 398 606 365 
171 201 221 448 706 928 1182 1905 2151 1753 1747 2335 2096 1803 1442 1346 1108 1011 761 416 400 398 606 365 
171 365 606 761 1011 1108 1346 1442 1803 2335 2096 2151 1747 1753 1905 1182 928 706 448 221 201 416 400 398 
5 5 7 421 425 781 596 1033 1033 1284 1421 1539 1633 1745 1857 2325 2078 2055 1816 1561 1564 1324 607 
5 5 7 425 421 781 596 1033 1033 1284 1421 1539 1633 1745 1857 2325 2078 2055 1816 1564 1561 1324 607 
607 1324 1564 1561 1816 2055 2078 2325 1857 1745 1633 1539 1421 1284 1033 1033 596 781 425 421 5 5 7 
5 5 7 607 1324 1564 1561 1816 2055 2078 2325 1857 1745 1633 1539 1421 1284 1033 1033 596 781 421 425 
607 1324 1561 1564 1816 2055 2078 2325 1857 1745 1633 1539 1421 1284 1033 1033 596 781 425 421 7 5 5 
607 1324 1561 1564 1816 2055 2078 2325 1857 1745 1633 1539 1421 1284 1033 1033 596 781 421 425 7 5 5 
607 1324 1561 1564 1816 2055 2078 2325 1857 1745 1633 1539 1421 1284 1033 1033 596 781 425 421 5 5 7 
607 1324 1561 1564 1816 2055 2078 2325 1857 1745 1633 1539 1421 1284 1033 1033 596 781 421 425 7 5 5 
607 1324 1561 1564 1816 2055 2078 2325 1857 1745 1633 1539 1421 1284 1033 1033 596 781 421 425 7 5 5 
7 5 5 425 421 781 596 1033 1033 1284 1421 1539 1633 1745 1857 2325 2078 2055 1816 1564 1561 1324 607 
607 1324 1564 1561 1816 2078 2055 1857 2325 1745 1633 1539 1421 1284 1033 1033 596 781 425 421 7 5 5 
7 5 5 607 1324 1561 1564 1816 2055 2078 2325 1857 1745 1633 1539 1421 1284 1033 1033 596 781 421 425 
421 425 781 596 1033 1033 1284 1421 1539 1633 1745 1857 2325 2078 2055 1816 1564 1561 1324 607 5 5 7 
5 5 7 421 425 781 596 1033 1033 1284 1421 1539 1633 1745 1857 2325 2078 2055 1816 1561 1564 1324 607 
421 425 781 1033 1033 596 1421 1539 1284 1633 1745 1857 2325 2078 2055 1816 1561 1564 1324 607 5 5 7 
425 421 781 596 1033 1033 1284 1421 1539 1633 1745 1857 2325 2078 2055 1816 1564 1561 1324 607 5 5 7 
484 605 416 1000 1109 1808 1925 2041 2201 2354 2268 2158 2006 1864 1748 1406 826 333 225 117 433 180 295 288 169 9 
9 169 288 295 416 180 433 333 225 117 826 1406 1748 1864 2006 2158 2268 2354 2201 2041 1925 1808 1109 1000 605 484 
484 605 288 295 433 225 117 333 826 1406 1748 1864 2006 2158 2268 2354 2201 1925 2041 1808 1109 1000 416 180 169 9 
484 605 416 1000 1109 1808 2041 1925 2201 2006 2354 2268 2158 1864 1748 1406 826 333 225 117 433 180 295 288 169 9 
484 605 416 1000 1109 1808 2041 1925 2201 2354 2268 2158 2006 1864 1748 1406 826 117 225 333 433 180 295 288 169 9 
605 1000 1109 1808 2041 1925 2201 2354 2268 2158 2006 1864 1748 1406 826 333 225 117 433 180 416 295 288 169 9 484 
484 605 1000 1109 1808 1925 2041 2201 2354 2268 2158 2006 1864 1748 1406 826 117 225 333 433 180 416 295 288 169 9 
605 484 288 295 416 1000 1109 1808 2041 1925 2201 2006 2158 2268 2354 1864 1748 1406 826 433 117 225 333 180 169 9 
9 169 288 295 416 180 117 225 333 433 826 1406 1748 1864 2006 2158 2268 2354 2201 2041 1925 1808 1109 1000 605 484 
9 169 180 433 333 225 117 826 1406 1748 1864 2006 2158 2268 2354 2201 1925 2041 1808 1109 1000 416 295 288 605 484 
9 169 288 295 416 180 433 333 225 117 826 1406 1748 1864 2006 2158 2268 2354 2201 2041 1925 1808 1109 1000 605 484 
9 484 605 288 295 416 1000 1109 1808 1925 2041 2201 2354 2268 2158 2006 1864 1748 1406 826 433 333 225 117 180 169 
9 169 288 295 416 180 433 333 225 117 826 1406 1748 1864 2006 2158 2268 2354 2201 2041 1925 1808 1109 1000 605 484 
9 169 288 295 180 416 433 117 225 333 826 1406 1748 1864 2006 2158 2268 2354 2201 1925 2041 1808 1109 1000 605 484 
288 295 416 484 605 1000 1109 1808 2041 1925 2201 2354 2268 2158 2006 1864 1748 1406 826 433 333 225 117 180 169 9 
9 484 605 1000 1109 1808 2041 1925 2201 2354 2268 2158 2006 1864 1748 1406 826 117 225 333 433 180 416 295 288 169 
626 982 1204 1356 1486 1567 2075 1944 1959 1877 2234 1751 1432 1515 1160 1182 686 688 418 411 515 30 
30 515 626 411 418 686 688 1182 1160 1432 1515 1751 2234 1877 1959 2075 1944 1567 1486 1356 1204 982 
626 982 1204 1160 1356 1486 1567 1944 2075 1959 1877 2234 1751 1515 1432 1182 688 686 418 411 515 30 
626 982 1204 1567 1486 1356 1160 1877 1959 1944 2075 2234 1751 1515 1432 1182 688 686 418 411 515 30 
626 982 1204 1356 1486 1567 1944 2075 1959 1877 2234 1751 1432 1515 1160 1182 688 686 418 411 515 30 
626 982 1204 1567 1486 1356 1160 1877 1959 1944 2075 2234 1751 1515 1432 1182 688 686 418 411 515 30 
626 982 1204 1567 1486 1356 1160 1877 1959 1944 2075 2234 1751 1515 1432 1182 688 686 418 411 515 30 
626 982 1204 1356 1567 1486 1944 2075 1959 1877 2234 1751 1515 1432 1160 1182 688 686 418 411 515 30 
30 515 411 418 686 688 1160 1182 1432 1515 1751 2234 1877 1959 2075 1944 1567 1486 1356 1204 982 626 
30 515 411 418 686 688 1182 1160 1515 1432 1751 2234 1877 1959 1944 2075 1486 1567 1356 1204 982 626 
626 982 1204 1356 1486 1567 2075 1944 1959 1877 2234 1751 1432 1515 1160 1182 688 686 418 411 515 30 
626 982 1204 1356 1567 1486 2075 1944 1959 1877 2234 1751 1432 1515 1160 1182 688 686 418 411 515 30 
30 515 411 418 688 686 1182 1432 1515 1751 2234 1877 1959 2075 1944 1567 1486 1356 1160 1204 982 626 
30 515 411 418 686 688 1182 1160 1515 1432 1751 2234 1877 1959 2075 1944 1567 1486 1356 1204 982 626 
30 515 411 418 686 688 1182 1160 1515 1432 1751 2234 1877 1959 2075 1944 1567 1486 1356 1204 982 626 
30 515 626 982 1204 1567 1486 1356 1160 1877 1959 1944 2075 2234 1751 1515 1432 1182 688 686 418 411 
250 656 761 1025 910 588 449 353 957 1167 1361 1757 1895 1773 2005 2367 2308 1728 1813 1685 1686 1561 1445 1442 1102 1212 1112 136 1 
1 136 250 761 656 1025 910 588 449 353 957 1167 1361 1757 1773 1895 2005 2367 2308 1813 1728 1686 1685 1445 1442 1561 1102 1212 1112 
1 136 1102 1212 1112 1361 1445 1442 1561 1685 1686 1813 1728 2308 2367 2005 1757 1895 1773 1167 957 353 449 588 910 1025 761 656 250 
1 136 250 1112 1212 1102 1442 1445 1561 1685 1686 1813 1728 2308 2367 2005 1773 1895 1757 1361 1167 957 353 449 588 910 1025 761 656 
1102 1112 1212 1361 1445 1442 1561 1685 1686 1728 1813 2308 2367 2005 1757 1895 1773 1167 957 353 449 588 910 1025 656 761 250 136 1 
1 136 250 761 656 910 588 449 353 957 1025 1167 1773 1895 1757 2005 2367 2308 1813 1728 1686 1685 1561 1442 1445 1361 1212 1112 1102 
1561 1685 1686 1445 1442 1102 1212 1112 1361 1757 1728 1813 2308 2367 2005 1895 1773 1167 957 353 449 588 910 1025 761 656 250 136 1 
1102 1212 1112 1361 1442 1445 1561 1685 1686 1813 1728 2308 2367 2005 1757 1895 1773 1167 910 588 449 353 957 1025 656 761 250 136 1 
250 761 656 1025 957 353 588 449 910 1167 1773 1895 1757 2005 2367 2308 1728 1813 1686 1685 1561 1442 1445 1361 1112 1212 1102 136 1 
1 136 250 656 761 1025 910 588 449 353 957 1167 1361 1757 1895 1773 2005 2367 2308 1813 1728 1686 1685 1561 1442 1445 1112 1212 1102 
250 761 656 1025 957 353 449 588 910 1167 1361 1757 1895 1773 2005 2367 2308 1813 1728 1686 1685 1561 1442 1445 1112 1212 1102 136 1 
1 136 250 656 761 1025 910 588 449 353 957 1167 1773 1895 2005 2367 2308 1813 1728 1757 1361 1685 1686 1561 1442 1445 1102 1212 1112 
1112 1212 1102 1442 1445 1561 1685 1686 1728 1813 2308 2367 2005 1757 1895 1773 1167 1361 1025 957 353 449 588 910 761 656 250 136 1 
1112 1212 1102 1445 1442 1561 1685 1686 1728 1813 2308 2367 2005 1773 1895 1757 1361 1167 957 353 449 588 910 1025 761 656 250 1 136 
761 656 1025 910 588 449 353 957 1167 1361 1757 1895 1773 2005 2367 2308 1813 1728 1686 1685 1561 1442 1445 1102 1212 1112 250 136 1 
1 136 250 1112 1212 1102 1361 1445 1442 1561 1685 1686 1813 1728 2308 2367 2005 1757 1895 1773 1167 588 449 353 957 910 1025 761 656 
144 396 410 544 184 337 960 1674 1633 1427 1520 1277 1615 1606 1814 2047 2291 2348 2388 2396 2246 2030 2004 1636 1719 1467 1577 1218 847 
144 396 410 544 184 337 960 1674 2396 2388 2348 2246 2030 2004 1636 1520 1633 1427 1277 1719 1615 1606 1467 1814 2291 2047 1577 1218 847 
847 1218 1577 2047 2291 1814 1467 1606 1615 1636 1719 1520 1277 1427 1633 1674 2004 2030 2348 2246 2388 2396 960 337 184 544 410 396 144 
144 396 544 410 847 1218 1577 1467 1606 1814 2047 2291 2348 2246 2396 2388 2030 2004 1636 1615 1719 1520 1277 1427 1633 1674 960 337 184 
847 1218 1577 2047 2291 2348 2246 2396 2388 2030 2004 1719 1814 1467 1606 1615 1636 1277 1520 1633 1427 1674 960 337 184 544 410 396 144 
847 1218 1577 1467 1606 1615 1719 1814 2047 2291 2348 2246 2396 2388 2030 2004 1636 1277 1520 1633 1427 1674 960 337 184 544 410 396 144 
847 1218 1577 1467 1606 1615 1520 1277 1636 1719 1814 2047 2291 2348 2396 2388 2246 2004 2030 1674 1633 1427 960 337 184 544 410 396 144 
847 1218 1577 1467 1606 1615 1636 1277 1520 1719 1814 2047 2291 2348 2246 2388 2396 2004 2030 1427 1633 1674 960 337 184 544 410 396 144 
144 396 410 544 184 337 960 1674 2396 2388 2348 2246 2004 2030 1427 1633 1277 1520 1719 1636 1615 1606 1467 1814 2291 2047 1577 1218 847 
144 396 410 544 184 337 960 1674 2030 2396 2388 2348 2246 2004 1633 1427 1277 1520 1636 1719 1615 1606 1467 1814 2291 2047 1577 1218 847 
847 1218 1577 2047 2291 2348 2246 2388 2396 2030 2004 1636 1719 1814 1467 1606 1615 1520 1277 1427 1633 1674 960 337 184 544 396 410 144 
144 847 1218 1577 2047 2291 2348 2246 2388 2396 2030 2004 1636 1615 1606 1467 1814 1719 1520 1277 1427 1633 1674 960 337 184 544 410 396 
184 337 960 1674 1427 1633 1520 1277 1615 1719 1636 2004 2030 2396 2388 2246 2348 2291 2047 1814 1606 1467 1577 1218 847 410 544 396 144 
144 396 410 544 184 337 960 1674 1633 1427 1277 1520 1636 1615 1719 2004 2030 2396 2388 2246 2348 2291 2047 1814 1606 1467 1577 1218 847 
410 544 184 337 960 1674 1427 1633 1520 1277 1719 1606 1615 1636 2004 2030 2396 2388 2246 2348 2291 2047 1814 1467 1577 1218 847 396 144 
144 396 544 184 337 960 1674 1633 1427 1277 1520 1636 1615 1606 1467 1814 1719 2004 2030 2396 2388 2246 2348 2291 2047 1577 1218 847 410 
981 2044 2187 2341 1732 1693 1346 1366 1239 1018 1258 1388 1652 1179 1058 836 712 443 525 282 643 536 615 
981 1018 1239 1366 1346 1693 1732 2044 2187 2341 1258 1388 1652 1179 1058 836 712 443 525 282 643 536 615 
615 536 643 1018 1239 981 2044 2187 2341 1732 1693 1346 1366 1258 1388 1652 1179 1058 836 712 443 525 282 
981 1018 1239 1366 1346 1693 1732 2044 2187 2341 1258 1388 1652 1179 1058 836 712 443 525 643 615 536 282 
615 536 643 282 525 443 712 836 1058 1179 1652 1388 1258 1018 1239 1366 1346 1693 1732 2341 2187 2044 981 
615 536 643 282 525 443 712 836 1058 1179 1652 1388 1258 1018 1239 1366 1346 1693 1732 2341 2187 2044 981 
981 1018 1239 1346 1366 1693 1732 2044 2187 2341 1258 1388 1652 1179 1058 836 712 443 282 525 643 536 615 
981 1346 1366 1693 1732 2044 2187 2341 1258 1018 1239 1388 1652 1179 1058 836 712 443 525 643 536 615 282 
615 536 643 525 282 443 712 836 1058 1179 1652 1388 1258 1018 1239 1366 1346 1693 1732 2341 2187 2044 981 
282 525 443 712 836 1058 1179 1652 1388 1258 2341 2187 2044 1732 1693 1366 1346 981 1239 1018 643 536 615 
981 2044 2187 2341 1732 1693 1366 1346 1239 1018 1258 1388 1652 1179 1058 836 712 443 282 525 643 536 615 
981 2044 2187 2341 1732 1693 1346 1366 1239 1018 1258 1388 1652 1179 1058 836 712 443 525 536 615 643 282 
282 525 443 712 836 1058 1179 1652 1388 2341 2187 2044 1732 1693 1366 1346 981 1239 1258 1018 643 536 615 
282 615 536 643 525 443 712 836 1058 1179 1652 1388 1258 1018 1239 1346 1366 1693 1732 2341 2187 2044 981 
282 525 536 615 643 443 712 836 1058 1179 1652 1388 1258 1018 1239 1346 1366 1693 1732 2341 2187 2044 981 
282 525 443 712 836 1058 1179 1652 1388 1258 2341 2187 2044 1732 1693 1346 1366 981 1239 1018 643 536 615 
261 505 1252 1361 1152 1190 1195 1799 2280 2261 1913 1894 1657 1427 935 570 433 333 213 304 156 144 
144 156 304 333 213 433 570 935 1152 1190 1195 1799 2280 2261 1913 1894 1657 1427 1361 1252 505 261 
261 505 1252 1361 1427 1657 1894 1913 2261 2280 1799 1195 1190 1152 935 570 433 333 213 304 156 144 
144 261 505 1252 1361 1657 1427 1894 1913 2280 2261 1799 1195 1190 1152 935 570 433 333 213 304 156 
261 505 1252 1361 1427 1657 1894 1913 2261 2280 1799 1195 1190 1152 935 570 433 213 333 304 156 144 
261 144 156 304 333 213 433 570 935 1427 1657 1894 1913 2261 2280 1799 1195 1190 1152 1361 1252 505 
261 505 1252 1361 1427 1657 1894 1913 2280 2261 1799 1195 1190 1152 935 570 433 213 333 304 156 144 
261 144 505 1252 1361 1427 1657 1894 1913 2280 2261 1799 1195 1190 1152 935 570 433 333 213 304 156 
144 156 304 213 333 433 570 935 1152 1190 1195 1799 2280 2261 1913 1894 1657 1427 1361 1252 505 261 
144 156 304 213 333 433 570 935 1152 1190 1195 1799 2280 2261 1913 1894 1657 1427 1361 1252 505 261 
261 505 1252 1361 1427 1657 1894 1913 2261 2280 1799 1195 1190 1152 935 570 433 213 333 304 156 144 
144 261 505 1252 1361 1427 1657 1894 1913 2280 2261 1799 1195 1190 1152 935 570 433 213 333 304 156 
156 304 213 333 433 570 935 1152 1190 1195 1799 2261 2280 1913 1894 1657 1427 1361 1252 505 261 144 
156 144 304 333 213 433 570 935 1152 1190 1195 1799 2261 2280 1913 1894 1657 1427 1361 1252 505 261 
156 304 213 333 433 570 935 1152 1190 1195 1799 2280 2261 1913 1894 1657 1427 1361 1252 505 261 144 
156 304 213 333 433 570 935 1152 1195 1190 1894 1913 2261 2280 1799 1657 1427 1361 1252 505 261 144 
147 63 335 236 479 1416 1527 1783 2144 1868 1856 2096 2091 2196 1970 1930 1828 1490 1616 1378 1361 643 440 421 289 512 494 
147 289 440 421 63 335 236 479 1416 1527 1783 2144 1868 1856 2096 2091 2196 1970 1930 1828 1490 1616 1378 1361 643 512 494 
147 494 512 289 421 440 643 1361 1378 1616 1490 1930 1828 1970 2196 2091 2096 1856 1868 2144 1783 1527 1416 479 236 335 63 
147 494 512 440 643 1361 1378 1490 1930 1828 1970 2196 2091 2096 1856 1616 1868 2144 1783 1527 1416 479 236 335 63 421 289 
494 512 440 643 1361 1378 1490 1828 1930 1970 2196 2091 2096 1856 1616 1868 2144 1783 1527 1416 479 236 335 63 421 289 147 
494 512 440 643 1361 1378 1616 1490 1828 1930 1970 2196 2091 2096 1856 1868 2144 1783 1527 1416 479 236 335 63 421 289 147 
147 494 512 289 421 440 643 1361 1378 1616 1490 1828 1930 1970 2196 2091 2096 1856 1868 2144 1783 1527 1416 479 236 335 63 
147 494 512 289 421 440 643 1361 1378 1490 1930 1828 1970 2196 2091 2096 1856 1616 1868 2144 1783 1527 1416 479 236 335 63 
63 335 236 479 1416 1527 1783 2144 1868 1856 2096 2091 2196 1970 1930 1828 1490 1616 1378 1361 643 440 421 289 494 512 147 
147 289 421 63 335 236 479 1416 1527 1783 2144 1868 2096 2091 2196 1970 1930 1828 1856 1616 1490 1378 1361 643 440 512 494 
63 335 236 479 1416 1527 1783 2144 1868 1856 1930 1828 1970 2196 2091 2096 1616 1490 1378 1361 643 440 421 289 512 494 147 
147 494 512 289 421 440 643 1361 1378 1490 1828 1930 1970 2196 2091 2096 1856 1616 1868 2144 1783 1527 1416 479 236 335 63 
63 335 236 479 1416 1527 1783 2144 1868 1616 1856 2096 2091 2196 1970 1930 1828 1490 1378 1361 643 440 421 289 512 494 147 
63 335 236 479 1416 1527 1783 2144 1868 1856 2096 2091 2196 1970 1828 1930 1490 1616 1378 1361 643 440 421 289 512 494 147 
63 335 236 479 1416 1527 1783 2144 1868 1616 1856 2096 2091 2196 1970 1828 1930 1490 1378 1361 643 440 421 289 512 494 147 
63 421 440 335 236 479 1416 1527 1783 2144 1868 1856 2096 2091 2196 1970 1930 1828 1616 1490 1378 1361 643 512 494 289 147 
1104 1470 1561 2044 1942 1952 1728 1738 2342 2123 2268 2382 1661 1301 1194 240 1178 1153 1167 1503 916 733 260 
260 733 916 1153 1167 1178 240 1301 1194 1661 2382 2268 2123 2342 1503 1738 1728 1952 1942 2044 1561 1470 1104 
260 733 1470 1728 1738 1503 916 1167 1153 1178 240 1301 1194 1661 2382 2268 2342 2123 1952 1942 2044 1561 1104 
260 733 1104 1470 1561 2044 1942 1952 1728 1738 2342 2123 2268 2382 1661 1301 1194 1167 1503 916 1153 1178 240 
1104 1470 1561 2044 1942 1952 1728 1738 2342 2123 2268 2382 1661 1194 1301 240 1178 1153 1167 1503 916 733 260 
733 1104 1470 1561 2044 1942 1952 1728 1738 2342 2123 2268 2382 1661 1178 1153 916 1503 1167 1194 1301 240 260 
733 1104 1470 1561 2044 1942 1952 1728 1738 2342 2123 2268 2382 1661 1301 1194 1167 1503 916 1153 1178 240 260 
260 733 1104 1470 1561 2044 1942 1952 1728 1738 2342 2123 2268 2382 1661 1503 916 1167 1153 1178 1194 1301 240 
240 1301 1194 1167 1178 1153 916 1503 1661 2382 2268 2123 2342 1738 1728 1952 1942 2044 1561 1470 1104 733 260 
260 733 1104 1470 1728 1738 1503 916 1153 1167 1178 240 1301 1194 1661 2382 2268 2123 2342 1952 1942 2044 1561 
1104 1470 1561 2044 1942 1952 1728 1738 2342 2123 2268 2382 1661 1194 1301 240 1178 1153 1167 1503 916 733 260 
260 733 1104 1470 1561 2044 1942 1952 1728 1738 2342 2123 2268 2382 1661 1301 1194 1167 1503 916 1153 1178 240 
240 1178 1301 1194 1167 1153 916 1503 1661 2382 2268 2123 2342 1738 1728 1952 1942 2044 1561 1470 1104 733 260 
240 1178 1301 1194 1167 1153 916 1503 1661 2382 2268 2123 2342 1738 1728 1952 1942 2044 1561 1470 1104 733 260 
240 1194 1301 1167 1178 1153 916 1503 1661 2382 2268 2123 2342 1738 1728 1952 1942 2044 1561 1470 1104 733 260 
260 733 916 1503 1470 1104 1561 2044 1942 1952 1728 1738 2342 2123 2268 2382 1661 1301 1194 1167 1153 1178 240 
128 493 408 537 400 206 910 840 1420 1162 1535 1666 1669 2023 2257 2010 2085 1494 1486 1693 1446 1097 1081 857 741 738 
128 493 408 537 400 206 910 840 1420 1162 1535 1666 1669 2023 2257 2010 2085 1494 1486 1693 1446 1097 1081 857 741 738 
738 741 857 1081 1097 1446 1693 1486 1494 2085 2010 2257 2023 1669 1666 1535 1162 1420 840 910 206 400 537 493 408 128 
128 408 493 741 738 857 1081 1097 1446 1693 1486 1494 2085 2010 2257 2023 1669 1666 1535 1162 1420 840 910 537 400 206 
741 738 857 1081 1097 1446 1693 1486 1494 1162 2085 2010 2257 2023 1669 1666 1535 1420 840 910 537 206 400 408 493 128 
128 493 408 400 206 537 910 840 1420 1162 1535 1666 1669 2023 2257 2010 2085 1494 1486 1693 1446 1097 1081 857 738 741 
741 738 857 1081 1097 1446 1693 1486 1494 2085 2010 2257 2023 1669 1666 1535 1162 1420 840 910 537 206 400 408 493 128 
738 741 857 1081 1097 1446 1693 1486 1494 2085 2010 2257 2023 1669 1666 1535 1162 1420 840 910 537 206 400 408 493 128 
128 493 408 537 400 206 910 840 1420 1162 1535 1666 1669 2023 2257 2010 2085 1494 1486 1693 1446 1097 1081 857 741 738 
128 493 408 537 400 206 910 840 1420 1162 1535 1666 1669 2023 2257 2010 2085 1494 1486 1693 1446 1097 1081 857 741 738 
128 493 408 400 206 537 910 840 1420 1162 1535 1666 1669 2023 2257 2010 2085 1494 1486 1693 1446 1097 1081 857 738 741 
128 400 206 537 910 840 1420 1162 1535 1666 1669 2023 2257 2010 2085 1494 1486 1693 1446 1097 1081 857 738 741 493 408 
408 493 741 738 857 1081 1097 1446 1693 1486 1494 2085 2010 2257 2023 1669 1666 1535 1162 1420 840 910 537 206 400 128 
128 408 493 400 206 537 910 840 1420 1162 1535 1666 1669 2023 2257 2010 2085 1494 1486 1693 1446 1097 1081 857 741 738 
408 493 741 738 857 1081 1097 1446 1693 1486 1494 2085 2010 2257 2023 1669 1666 1535 1162 1420 840 910 537 206 400 128 
400 206 537 910 840 1420 1162 1535 1666 1669 2023 2257 2010 2085 1494 1693 1486 1446 1097 1081 857 738 741 493 408 128 
1338 1804 1804 1813 1867 1873 1301 1179 1153 1145 801 880 876 724 726 731 630 508 494 197 210 192 
724 726 731 630 508 494 197 210 192 801 880 876 1145 1153 1179 1301 1873 1867 1813 1804 1804 1338 
494 508 630 731 724 726 1338 1804 1804 1813 1867 1873 1301 1179 1153 1145 880 876 801 197 210 192 
494 508 630 731 726 724 1338 1804 1804 1813 1867 1873 1301 1179 1153 1145 801 876 880 197 210 192 
1338 1804 1804 1813 1867 1873 1301 1179 1153 1145 801 210 192 197 880 876 630 494 508 731 726 724 
508 630 731 726 724 1338 1804 1804 1813 1867 1873 1301 1179 1153 1145 880 876 801 210 192 197 494 
1338 1804 1804 1813 1867 1873 1301 1179 1153 1145 801 192 210 197 880 876 630 731 726 724 508 494 
494 508 630 731 726 724 1338 1804 1804 1813 1867 1873 1301 1179 1153 1145 880 876 801 197 210 192 
494 508 630 876 880 197 210 192 801 1145 1153 1179 1301 1873 1867 1813 1804 1804 1338 724 726 731 
192 210 197 876 880 801 1145 1153 1179 1301 1873 1867 1813 1804 1804 1338 724 726 731 630 508 494 
731 726 724 1338 1804 1804 1813 1867 1873 1301 1179 1145 1153 192 210 197 801 880 876 630 508 494 
494 508 630 876 880 731 726 724 1338 1804 1804 1813 1867 1873 1301 1179 1153 1145 801 210 192 197 
192 210 197 801 880 876 1145 1153 1179 1301 1873 1867 1813 1804 1804 1338 724 726 731 630 508 494 
192 210 197 876 880 801 1145 1153 1179 1301 1873 1867 1813 1804 1804 1338 724 726 731 630 508 494 
192 210 197 801 1145 1153 1179 1301 1873 1867 1813 1804 1804 1338 724 726 731 630 880 876 508 494 
197 192 210 801 876 880 1145 1153 1179 1301 1873 1867 1813 1804 1804 1338 724 726 731 630 508 494 
279 674 570 692 1028 1003 1242 1381 1383 1386 1748 1669 2146 2123 2122 2215 1592 1486 1561 1201 742 620 755 632 607 
279 674 692 570 1028 1003 1242 1383 1386 1381 1748 1669 2146 2123 2122 2215 1592 1486 1561 1201 742 620 755 632 607 
607 632 755 620 742 1201 1561 1592 1486 2215 2122 2123 2146 1669 1748 1381 1386 1383 1242 1003 1028 692 570 674 279 
607 632 755 620 742 1201 1561 1592 1486 2215 2122 2123 2146 1669 1748 1386 1383 1381 1242 1003 1028 570 692 674 279 
607 632 755 620 742 1201 1561 1486 1592 2215 2122 2123 2146 1669 1748 1381 1383 1386 1242 1003 1028 570 692 674 279 
620 742 1201 1561 1486 1592 2215 2122 2123 2146 1669 1748 1383 1386 1381 1242 1003 1028 674 692 570 279 632 755 607 
607 632 755 620 742 1201 1561 1592 1486 2215 2122 2123 2146 1669 1748 1383 1386 1381 1242 1003 1028 692 674 570 279 
607 632 755 620 742 1201 1561 1486 1592 2215 2122 2123 2146 1669 1748 1381 1383 1386 1242 1003 1028 692 570 674 279 
279 570 692 674 1028 1003 1242 1381 1383 1386 1748 1669 2146 2123 2122 2215 1592 1486 1561 1201 742 620 755 632 607 
279 570 692 674 1028 1003 1242 1381 1386 1383 1748 1669 2146 2123 2122 2215 1592 1486 1561 1201 742 620 755 632 607 
607 632 755 620 742 1201 1561 1592 1486 2215 2122 2123 2146 1669 1748 1381 1383 1386 1242 1003 1028 570 692 674 279 
607 632 755 620 742 1201 1561 1486 1592 2215 2122 2123 2146 1669 1748 1381 1386 1383 1242 1003 1028 570 692 674 279 
279 674 692 570 1028 1003 1242 1383 1386 1381 1748 1669 2146 2123 2122 2215 1592 1486 1561 1201 742 620 755 632 607 
279 674 570 692 1028 1003 1242 1381 1383 1386 1748 1669 2146 2122 2123 2215 1592 1486 1561 1201 742 620 755 632 607 
279 674 692 570 1028 1003 1242 1381 1383 1386 1748 1669 2146 2123 2122 2215 1486 1592 1561 1201 742 620 755 632 607 
632 607 755 620 742 1201 1561 1592 1486 2215 2122 2123 2146 1669 1748 1383 1386 1381 1242 1003 1028 570 692 674 279 
147 281 65 220 939 1183 1903 2011 1994 2004 2081 2083 2222 2237 2291 1561 1452 1616 1513 1167 902 917 1113 855 293 125 
125 147 293 281 65 220 1183 939 902 917 1167 1513 1903 2011 1994 2004 2237 2222 2081 2083 2291 1616 1561 1452 1113 855 
125 293 855 1113 1452 1561 1616 2291 2237 2222 2083 2081 2004 2011 1994 1903 1513 1167 917 902 939 1183 220 65 281 147 
125 147 281 293 855 1113 917 902 1167 1513 1616 1452 1561 2291 2237 2222 2081 2083 2004 1994 2011 1903 1183 939 220 65 
147 281 65 220 939 1183 1167 1513 1903 1994 2011 2004 2083 2081 1616 2222 2237 2291 1561 1452 1113 855 917 902 293 125 
125 147 293 281 65 220 939 1183 1167 1513 1903 2011 1994 2004 2081 2083 2222 2237 2291 1561 1452 1616 917 902 1113 855 
855 1113 902 917 1616 1452 1561 2291 2237 2222 2081 2083 2004 2011 1903 1994 1513 1167 1183 939 220 65 281 293 147 125 
125 147 293 917 902 855 1113 1452 1561 1616 2291 2237 2222 2083 2081 2004 1994 2011 1903 1513 1167 1183 939 220 65 281 
147 293 855 1113 1452 1561 1616 2222 2237 2291 2081 2083 2004 1994 2011 1903 1513 1167 917 902 939 1183 220 65 281 125 
125 147 293 281 65 220 1183 939 902 917 1167 1513 1903 2011 1994 2004 2081 2083 2222 2237 2291 1616 1561 1452 1113 855 
125 855 1113 1452 1561 1616 2291 2237 2222 2081 2083 2004 2011 1994 1903 1513 1167 917 902 939 1183 220 65 281 293 147 
125 147 855 902 917 1113 1452 1561 1616 2083 2081 2291 2237 2222 2004 1994 2011 1903 1513 1167 1183 939 220 65 281 293 
293 855 1113 1452 1561 1616 2222 2237 2291 2081 2083 2004 1994 2011 1903 1513 1167 917 902 939 1183 220 65 281 147 125 
281 65 220 939 1183 1903 1994 2011 2004 2083 2081 2222 2237 2291 1561 1452 1616 1513 1167 902 917 1113 855 293 147 125 
293 65 220 939 1183 1167 1513 1903 2011 1994 2004 2083 2081 2291 2237 2222 1616 1561 1452 855 1113 917 902 281 147 125 
125 147 281 293 902 917 1113 855 1452 1561 1616 2291 2237 2222 2081 2083 2004 2011 1994 1903 1513 1167 1183 939 220 65 
39 104 471 466 576 600 944 1785 1898 2325 2329 2291 2177 2047 2043 1926 1926 1933 1837 1604 1482 1159 1190 797 536 761 864 1326 1081 
39 104 471 466 576 600 944 1785 1898 1837 1933 1926 1926 2047 2043 2177 2291 2329 2325 1604 1482 1159 1190 797 761 536 864 1081 1326 
1081 1326 864 761 536 797 1159 1482 1604 1837 1933 1926 1926 2047 2043 2177 2291 2329 2325 1898 1785 1190 944 600 576 466 471 104 39 
864 1081 1326 1482 1604 1837 1933 1926 1926 2047 2043 2177 2291 2329 2325 1898 1785 1190 1159 797 761 536 576 466 471 944 600 104 39 
864 1081 1326 1837 1933 1926 1926 2047 2043 2177 2291 2329 2325 1604 1482 1159 1190 1898 1785 944 600 104 576 466 471 797 761 536 39 
864 1081 1326 1837 1933 1926 1926 2043 2047 2177 2291 2329 2325 1604 1482 1159 1190 1898 1785 944 600 104 471 466 576 797 761 536 39 
536 797 761 864 1081 1326 1837 1933 1926 1926 2047 2043 2177 2291 2329 2325 1604 1482 1159 1190 1898 1785 944 600 471 466 576 104 39 
864 1081 1326 1482 1604 2325 2329 2291 2177 2043 2047 1926 1926 1933 1837 1898 1785 1190 1159 761 536 797 944 600 576 466 471 104 39 
39 104 471 466 576 600 944 797 761 536 1159 1190 1785 1898 2325 2329 2291 2177 2047 2043 1926 1926 1933 1837 1604 1482 1326 1081 864 
39 536 761 797 1159 1190 466 471 576 104 600 944 1785 1898 2325 2329 2291 2177 2047 2043 1926 1926 1933 1837 1604 1482 1326 1081 864 
1326 1081 864 761 536 797 1190 1159 1482 1604 2325 2329 2291 2177 2047 2043 1926 1926 1933 1837 1898 1785 944 600 471 466 576 104 39 
864 1081 1326 1926 1926 1933 2047 2043 2177 2291 2329 2325 1837 1604 1482 761 536 797 1159 1190 1898 1785 944 600 576 466 471 104 39 
39 536 761 797 471 466 576 104 600 944 1785 1898 1190 1159 1482 1604 2325 2329 2291 2177 2047 2043 1926 1926 1933 1837 1326 1081 864 
39 536 761 797 466 471 576 104 600 944 1785 1898 1190 1159 1482 1604 1837 2325 2329 2291 2177 2043 2047 1933 1926 1926 1326 1081 864 
39 104 471 466 576 600 944 1785 1898 1190 1159 1482 1604 2325 2329 2291 2177 2047 2043 1926 1926 1933 1837 1326 1081 864 761 797 536 
536 797 761 864 1081 1326 1926 1926 1933 2047 2043 2177 2291 2329 2325 1837 1604 1482 1159 1190 1898 1785 944 600 576 466 471 104 39 
85 311 341 836 1316 1408 1521 1912 2228 2354 2346 1976 2069 1710 1584 1467 1352 1133 902 650 409 609 738 
738 650 902 1133 1352 1467 1584 1710 2069 1976 2346 2354 2228 1912 1521 1408 1316 836 341 311 85 409 609 
738 650 902 1133 1352 1467 1584 1710 2069 1976 2346 2354 2228 1912 1521 1408 1316 836 341 311 85 409 609 
738 609 409 650 902 1133 1352 1467 1584 1710 2069 1976 2346 2354 2228 1912 1521 1408 1316 836 341 311 85 
609 409 85 311 341 836 1316 1408 1521 1912 2228 2354 2346 1976 2069 1710 1584 1467 1352 1133 902 650 738 
609 409 85 311 341 836 1316 1408 1521 1912 2228 2354 2346 1976 2069 1710 1584 1467 1352 1133 902 650 738 
738 609 409 650 902 1133 1352 1467 1584 1710 2069 1976 2346 2354 2228 1912 1521 1408 1316 836 341 311 85 
738 609 409 650 1133 1352 1467 1584 1710 2069 1976 2228 2346 2354 1912 1316 1408 1521 902 836 341 311 85 
85 311 341 836 1316 1408 1521 1912 2228 2354 2346 1976 2069 1710 1584 1467 1352 1133 902 650 409 609 738 
85 311 341 836 1316 1408 1521 1912 2228 2354 2346 1976 2069 1710 1584 1467 1352 1133 902 650 409 609 738 
609 409 85 311 341 836 1316 1408 1521 1912 2228 2354 2346 1976 2069 1710 1584 1467 1352 1133 902 650 738 
738 609 409 650 902 1133 1352 1467 1584 1710 2069 1976 2346 2354 2228 1912 1521 1408 1316 836 341 311 85 
85 341 311 409 650 902 836 1316 1408 1521 1912 2354 2346 2228 1976 2069 1710 1584 1467 1352 1133 738 609 
85 311 341 836 1316 1408 1521 1912 2354 2346 2228 1976 2069 1710 1584 1467 1352 1133 902 650 409 609 738 
409 311 85 341 836 1316 1408 1521 1912 2228 2354 2346 1976 2069 1710 1584 1467 1352 1133 902 650 738 609 
85 311 341 836 1316 1408 1521 1912 2228 2354 2346 1976 2069 1710 1584 1467 1352 1133 902 650 738 609 409 
140 397 421 549 563 561 1122 1280 1354 1343 2319 2202 1883 1989 1994 2378 2139 2019 1748 1550 1432 1411 929 1052 1060 225 79 38 
38 79 225 1060 1052 929 1411 1432 1550 1748 1994 1989 1883 2019 2139 2378 2319 2202 1343 1354 1280 1122 563 561 549 421 397 140 
140 397 421 549 563 561 1122 1280 1354 1343 2319 2202 1883 1994 1989 2019 2139 2378 1748 1550 1432 1411 929 1052 1060 225 79 38 
140 397 421 549 563 561 1122 1280 1354 1343 2202 2319 1883 2139 2378 2019 1994 1989 1748 1550 1432 1411 929 1052 1060 225 79 38 
140 397 421 549 563 561 1122 1280 1354 1343 2202 2319 2378 2139 2019 1989 1994 1883 1748 1550 1432 1411 929 1052 1060 225 79 38 
397 421 549 563 561 1122 1280 1354 1343 2319 2202 1989 1994 2019 2139 2378 1883 1748 1550 1432 1411 929 1052 1060 225 79 38 140 
140 397 421 549 563 561 1122 1280 1354 1343 2319 2202 1883 1989 1994 2378 2139 2019 1748 1550 1432 1411 929 1052 1060 225 79 38 
140 397 421 549 563 561 1122 1280 1354 1343 2319 2202 1883 2378 2139 2019 1994 1989 1748 1550 1432 1411 929 1052 1060 225 79 38 
38 79 225 1060 1052 929 1411 1432 1550 1748 2019 2139 2378 1989 1994 1883 2202 2319 1343 1354 1280 1122 561 563 549 421 397 140 
140 397 549 563 561 421 38 79 225 1060 1052 929 1411 1432 1550 2019 2139 2378 2319 2202 1883 1994 1989 1748 1122 1280 1354 1343 
140 397 421 549 563 561 1122 1280 1354 1343 2202 2319 2378 2139 2019 1994 1989 1883 1748 1550 1432 1411 929 1052 1060 225 79 38 
140 397 421 549 563 561 1122 1280 1354 1343 2202 2319 2378 2139 2019 1883 1994 1989 1748 1550 1432 1411 929 1052 1060 225 79 38 
38 79 225 1060 1052 929 1411 1432 1550 1748 1883 1994 1989 2019 2139 2378 2319 2202 1343 1354 1280 1122 561 563 549 421 397 140 
38 79 225 1060 1052 929 1411 1432 1550 1748 1883 2139 2378 2019 1994 1989 2202 2319 1343 1354 1280 1122 561 563 549 421 397 140 
38 79 225 1060 1052 929 1411 1432 1550 1748 2019 2139 2378 1989 1994 1883 2202 2319 1343 1354 1280 1122 561 563 549 421 397 140 
38 79 225 1060 1052 929 1411 1432 1550 1748 1989 1994 1883 2019 2139 2378 2202 2319 1343 1354 1280 1122 561 563 549 421 397 140 
508 508 291 549 113 221 226 588 809 1060 960 1074 1030 898 1267 1235 1365 1963 1758 1748 2033 2249 2248 2310 2193 1688 1206 
1206 1235 1688 2310 2193 2249 2248 2033 1758 1963 1748 1365 1267 898 1030 1074 960 1060 809 588 226 221 113 549 291 508 508 
1206 1235 1688 2193 2310 2248 2249 2033 1748 1758 1963 1365 1267 898 1030 1060 960 1074 809 588 226 113 221 549 291 508 508 
508 508 1235 1206 1688 2310 2193 2248 2249 2033 1748 1758 1963 1365 1267 898 1030 1074 960 1060 809 588 226 113 221 549 291 
1206 1688 2193 2310 1963 2248 2249 2033 1748 1758 1365 898 1030 809 588 549 226 113 221 1060 960 1074 1267 1235 508 508 291 
1206 1688 2310 2193 2248 2249 2033 1748 1758 1963 1365 1267 1235 898 1030 1074 960 1060 809 588 113 221 226 549 291 508 508 
508 508 1206 1235 1688 2310 2193 2248 2249 2033 1748 1758 1963 1365 1267 898 1030 1060 960 1074 809 588 113 221 226 549 291 
508 508 1235 1206 1688 2310 2193 2249 2248 2033 1748 1758 1963 1365 1267 898 1030 1060 960 1074 809 588 113 221 226 549 291 
508 508 291 549 221 113 226 588 809 1074 960 1060 1030 898 1235 1267 1365 1963 1758 1748 2033 2249 2248 2193 2310 1688 1206 
508 508 291 549 226 221 113 588 809 1060 960 1074 1030 898 1267 1235 1365 1963 1758 1748 2033 2249 2248 2193 2310 1688 1206 
291 549 226 221 113 588 809 1074 960 1060 1030 898 1267 1365 1963 1758 1748 2033 2249 2248 2310 2193 1688 1206 1235 508 508 
508 508 1235 1206 1688 2310 2193 2248 2249 2033 1748 1963 1758 1365 1267 898 1030 1060 960 1074 809 588 226 113 221 549 291 
291 549 113 221 226 588 809 1074 960 1060 1030 898 1267 1365 1963 1758 1748 2033 2249 2248 2310 2193 1688 1206 1235 508 508 
291 549 113 221 226 588 809 1074 960 1060 1030 898 1267 1365 1748 1758 1963 2033 2249 2248 2193 2310 1688 1206 1235 508 508 
291 549 226 113 221 588 809 1074 960 1060 1030 898 1267 1365 1963 1758 1748 2033 2248 2249 2193 2310 1688 1206 1235 508 508 
221 113 226 549 588 809 1060 960 1074 1030 898 1267 1365 1758 1963 1748 2033 2249 2248 2193 2310 1688 1206 1235 508 508 291 
976 1097 1686 1641 1647 1872 2123 2355 2388 2158 1663 1076 830 687 679 1263 779 873 767 417 248 20 
20 248 873 767 779 1263 417 679 687 830 1076 1663 2158 2355 2388 2123 1872 1647 1641 1686 1097 976 
20 976 1097 1686 1641 1647 1872 2388 2355 2123 2158 1663 1076 830 687 679 1263 779 767 873 417 248 
20 248 417 679 687 830 1076 1663 2158 2388 2355 2123 1872 1647 1641 1686 976 1097 1263 779 767 873 
976 1097 1686 1641 1647 1872 2123 2388 2355 2158 1663 1076 830 687 679 1263 779 767 873 417 248 20 
976 1097 1686 1641 1647 1872 2123 2355 2388 2158 1663 1076 830 687 679 1263 779 767 873 417 248 20 
976 1097 1686 1641 1647 1872 2123 2355 2388 2158 1663 1076 1263 830 687 679 779 767 873 417 248 20 
248 20 976 1097 1686 1641 1647 1872 2123 2355 2388 2158 1663 1076 830 687 679 417 1263 779 767 873 
248 767 873 976 1097 1686 1641 1647 1872 2123 2388 2355 2158 1663 1076 830 687 679 1263 779 417 20 
20 248 873 767 1263 779 417 679 687 830 1076 1663 2158 2355 2388 2123 1872 1647 1641 1686 1097 976 
20 976 1097 1686 1641 1647 1872 2123 2355 2388 2158 1663 1076 830 687 679 1263 779 767 873 417 248 
20 248 417 679 687 830 1076 1663 2158 2355 2388 2123 1872 1647 1641 1686 1097 976 1263 779 767 873 
417 679 687 830 1076 1663 2158 2123 2355 2388 1872 1647 1641 1263 779 767 873 1686 1097 976 248 20 
873 767 976 1097 1686 1641 1647 1872 2123 2355 2388 2158 1663 1076 830 687 679 1263 779 417 248 20 
417 679 687 830 1076 1663 2158 2355 2388 2123 1872 1647 1641 1263 779 767 873 1686 1097 976 248 20 
20 248 976 1097 1686 1641 1647 1872 2123 2388 2355 2158 1663 1076 830 687 679 417 1263 779 767 873 
6 522 544 187 99 456 673 1290 1432 1659 1782 2040 1908 2249 2093 1761 1837 1621 1018 1129 862 626 631 29 
6 29 631 522 544 187 99 456 673 1290 1432 1659 1782 2040 1908 2249 2093 1837 1761 1621 1018 1129 862 626 
862 1129 1018 1621 1837 1761 2093 2249 1908 2040 1782 1659 1432 1290 673 456 99 187 544 522 631 626 29 6 
6 29 631 626 862 1129 1018 1621 1761 1837 2093 2249 1908 2040 1782 1659 1432 1290 673 456 99 187 544 522 
862 1129 1018 1621 1761 1837 2093 2249 1908 2040 1782 1659 1432 1290 673 456 99 187 544 522 631 626 29 6 
6 29 522 544 187 99 456 673 1290 1432 1659 1782 2040 1908 2249 2093 1837 1761 1621 1018 1129 862 631 626 
862 1129 1018 1621 1761 1837 2093 2249 1908 2040 1782 1659 1432 1290 673 456 99 187 544 522 631 626 29 6 
862 1129 1018 1621 1761 1837 2093 2249 1908 2040 1782 1659 1432 1290 673 456 99 187 544 522 631 626 29 6 
6 29 631 522 544 187 99 456 673 1290 1432 1659 1782 2040 1908 2249 2093 1761 1837 1621 1018 1129 862 626 
6 29 631 626 522 544 187 99 456 673 1290 1432 1659 1782 2040 1908 2249 2093 1837 1761 1621 1018 1129 862 
6 29 626 631 522 544 187 99 456 673 1290 1432 1659 1782 2040 1908 2249 2093 1837 1761 1621 1018 1129 862 
6 29 631 626 862 1129 1018 1621 1761 1837 2093 2249 1908 2040 1782 1659 1432 1290 673 456 99 187 544 522 
631 626 862 1129 1621 1761 1837 2093 2249 1908 2040 1782 1659 1432 1290 1018 522 544 673 456 99 187 29 6 
6 29 522 544 187 99 456 673 1290 1432 1659 1782 2040 1908 2249 2093 1837 1761 1621 1018 1129 862 631 626 
522 544 187 99 456 673 1290 1432 1659 1782 2040 1908 2249 2093 1837 1761 1621 1018 1129 862 626 631 29 6 
6 29 522 544 187 99 456 673 1290 1432 1659 1782 2040 1908 2249 2093 1837 1761 1621 1018 1129 862 626 631 
365 492 510 532 544 324 235 453 570 686 939 798 1506 2144 2381 2343 2299 2294 1833 1486 1345 1329 1081 604 
365 492 510 532 544 324 235 453 570 939 686 798 1506 2144 2381 2343 2299 2294 1833 1486 1345 1329 1081 604 
492 510 532 544 453 235 324 570 686 939 798 1506 2144 2381 2343 2299 2294 1833 1486 1345 1329 1081 604 365 
365 604 1081 1329 1345 1486 1833 2294 2299 2343 2381 2144 1506 798 939 686 570 453 235 324 544 532 510 492 
604 1081 1329 1345 1486 1833 2294 2299 2343 2381 2144 1506 798 939 686 570 235 453 324 544 532 510 492 365 
604 1081 1329 1345 1486 1833 2294 2299 2343 2381 2144 1506 798 939 686 570 235 453 324 544 532 510 492 365 
604 1081 1329 1345 1506 1486 1833 2294 2299 2343 2381 2144 939 686 570 235 453 324 544 798 532 510 492 365 
365 604 1081 1329 1345 1486 1833 2299 2294 2343 2381 2144 1506 798 939 686 570 235 453 324 544 532 510 492 
492 510 532 544 324 453 235 570 686 939 798 1506 2144 2381 2343 2294 2299 1833 1486 1345 1329 1081 604 365 
365 492 510 532 544 324 235 453 570 686 939 798 1506 2144 2381 2343 2299 2294 1833 1486 1345 1329 1081 604 
492 510 532 544 324 235 453 570 686 939 798 1506 2144 2381 2343 2294 2299 1833 1486 1345 1329 1081 604 365 
365 604 1081 1329 1345 1486 1833 2294 2299 2343 2381 2144 1506 798 939 686 570 453 235 324 544 532 510 492 
492 510 532 544 324 235 453 570 686 939 798 1506 2144 2381 2343 2294 2299 1833 1486 1345 1329 1081 604 365 
492 510 532 544 324 453 235 570 686 939 798 1506 2144 2381 2343 2299 2294 1833 1486 1345 1329 1081 604 365 
492 510 532 544 324 235 453 570 686 798 939 2144 2381 2343 2299 2294 1833 1486 1506 1345 1329 1081 604 365 
492 510 532 544 324 235 453 570 686 939 798 1506 2144 2381 2343 2294 2299 1833 1486 1345 1329 1081 604 365 
32 494 656 922 813 233 912 912 1509 1432 1674 1883 2125 2125 2116 2071 1494 975 744 1096 
32 494 656 912 912 813 233 922 1494 1509 1432 1674 1883 2125 2125 2116 2071 975 744 1096 
1096 744 975 2071 2125 2125 2116 1883 1674 1432 1509 1494 922 912 912 233 813 656 494 32 
494 656 975 744 1096 1494 2071 2116 2125 2125 1883 1674 1432 1509 922 912 912 813 233 32 
1096 744 975 1494 2071 2116 2125 2125 1883 1674 1509 1432 912 912 813 233 922 656 494 32 
494 32 233 813 912 912 1432 1509 1674 1883 2125 2125 2116 2071 1494 922 656 975 744 1096 
494 975 744 1096 1494 2071 2116 2125 2125 1883 1674 1432 1509 922 656 912 912 813 233 32 
1096 1494 2071 2116 2125 2125 1883 1674 1509 1432 912 912 233 813 922 656 744 975 494 32 
32 494 656 922 912 912 233 813 1509 1432 1674 1883 2116 2125 2125 2071 1494 975 744 1096 
32 494 656 233 813 912 912 922 1432 1509 1674 1883 2125 2125 2116 2071 1494 975 744 1096 
32 494 656 912 912 813 233 922 1494 1509 1432 1674 1883 2125 2125 2116 2071 1096 975 744 
494 744 975 1096 1494 2071 2116 2125 2125 1883 1674 1432 1509 922 656 912 912 813 233 32 
32 494 656 912 912 813 233 922 1509 1432 1674 1883 2125 2125 2116 2071 1494 975 744 1096 
32 494 656 922 233 813 912 912 1509 1432 1674 1883 2125 2125 2116 2071 1494 975 744 1096 
32 494 656 922 233 813 912 912 1509 1432 1674 1883 2116 2125 2125 2071 1494 1096 975 744 
32 233 813 912 912 656 922 1509 1432 1674 1883 2125 2125 2116 2071 1494 1096 744 975 494 
500 508 536 294 64 65 95 834 1062 1178 1912 2114 1994 1868 1837 1833 2290 2043 1494 1503 1350 1087 494 147 
147 494 536 294 64 65 95 834 1062 1178 2114 1994 1912 1868 1503 1494 1833 1837 2043 2290 1350 1087 508 500 
500 508 536 294 64 65 95 834 1062 1178 1503 2114 1994 1912 1868 1837 1833 2290 2043 1494 1350 1087 494 147 
147 294 536 494 508 500 1087 2043 2290 1833 1837 1350 1494 1503 1868 1994 2114 1912 1178 1062 834 95 65 64 
500 508 1087 1350 2043 2290 1837 1833 1494 1503 1868 2114 1994 1912 1178 1062 834 95 65 64 294 536 494 147 
1087 1350 1503 1494 2043 2290 1833 1837 1868 2114 1994 1912 1178 1062 834 95 65 64 536 294 147 494 508 500 
500 508 1087 2043 2290 1833 1837 1350 1494 1503 1868 2114 1912 1994 1178 1062 834 95 65 64 294 536 494 147 
500 1087 1350 1503 1494 2290 2043 1833 1837 1868 1912 2114 1994 1178 1062 834 95 65 64 294 536 508 494 147 
147 494 294 536 65 64 95 834 1062 1178 1912 2114 1994 1868 1503 1494 1350 1837 1833 2290 2043 1087 508 500 
147 494 536 294 64 65 95 834 1062 1178 1503 1494 1350 1833 1837 1868 1912 1994 2114 2290 2043 1087 508 500 
147 294 64 65 95 834 1062 1178 1912 2114 1994 1868 1503 1494 1350 1837 1833 2290 2043 1087 494 536 508 500 
147 294 494 536 508 500 1087 1350 1503 1494 2290 2043 1833 1837 1868 2114 1994 1912 1178 1062 834 95 64 65 
64 65 95 834 1062 1178 2114 1994 1912 1868 1503 1494 1350 1837 1833 2290 2043 1087 500 508 494 536 294 147 
147 494 508 536 294 64 65 95 834 1062 1178 1912 2114 1994 1868 1503 1494 1350 1833 1837 2290 2043 1087 500 
64 65 95 834 1062 1178 1912 2114 1994 1868 1503 1494 1350 1837 1833 2290 2043 1087 500 508 536 294 494 147 
64 65 95 834 1062 1178 1994 1912 2114 1868 1503 1494 1350 1837 1833 2290 2043 1087 500 508 494 536 294 147 
153 421 197 190 333 473 596 668 761 785 814 928 1028 1072 1904 2010 2352 2339 2221 1613 1614 1604 1629 1633 1267 1233 860 625 650 732 508 
153 508 625 732 650 761 785 668 421 197 333 190 473 596 814 928 1028 1072 1633 1629 1904 2010 2352 2339 2221 1614 1613 1604 1267 1233 860 
860 1233 650 508 625 732 761 785 814 928 1028 1072 1267 1633 1629 1604 1613 1614 2221 2339 2352 2010 1904 596 473 668 421 197 333 190 153 
860 1233 1267 1633 1629 1604 1614 1613 2221 2339 2352 2010 1904 1072 928 1028 814 596 473 333 190 197 421 668 785 761 650 625 732 508 153 
625 732 508 650 860 1233 1267 1633 1629 1604 1614 1613 2221 2339 2352 2010 1904 1072 928 1028 761 785 814 668 596 473 333 190 197 421 153 
860 1233 1267 1633 1629 1604 1614 1613 2221 2339 2352 2010 1904 1072 928 1028 814 668 596 473 333 190 197 421 761 785 650 732 625 508 153 
508 732 625 650 860 1233 1267 1633 1629 1604 1614 1613 2221 2339 2352 2010 1904 1072 928 1028 761 785 814 668 596 473 333 190 197 421 153 
508 732 650 625 860 1233 1613 1614 2221 2339 2352 2010 1904 1633 1629 1604 1267 1072 1028 928 785 761 668 814 596 473 333 190 197 421 153 
508 650 732 625 860 1233 1267 1633 1629 1604 1614 1613 2221 2339 2352 2010 1904 1072 1028 928 814 785 761 668 596 473 333 190 197 421 153 
153 421 197 190 333 473 596 668 761 785 814 1028 928 1072 1904 2010 2352 2339 2221 1613 1614 1604 1629 1633 1267 1233 860 625 732 650 508 
153 421 197 190 333 473 596 814 668 761 785 1028 928 1072 1267 1604 1629 1633 1904 2010 2352 2339 2221 1614 1613 1233 860 625 650 732 508 
860 1233 1267 1633 1629 1604 1613 1614 2221 2339 2352 2010 1904 1072 928 1028 814 596 473 333 190 197 421 668 785 761 732 625 650 508 153 
153 197 421 190 333 473 596 668 761 785 814 1028 928 1072 1267 1633 1629 1904 2010 2352 2339 2221 1614 1613 1604 1233 860 732 625 650 508 
153 508 732 625 650 785 761 421 197 190 333 473 596 668 814 1028 928 1072 1267 1604 1629 1633 1904 2010 2352 2339 2221 1614 1613 1233 860 
153 197 421 190 333 473 596 814 668 785 761 1028 928 1072 1904 2010 2352 2339 2221 1613 1614 1604 1629 1633 1267 1233 860 732 650 508 625 
190 333 473 596 814 928 1028 1072 1267 1604 1629 1633 1904 2010 2352 2339 2221 1614 1613 1233 860 508 625 650 732 761 785 668 421 197 153 
1206 1583 2043 2063 2078 2231 2128 2249 2244 2325 1619 1765 1770 1912 1668 1657 1515 1047 957 953 827 811 576 579 
576 579 811 827 957 953 1047 1515 1657 1668 1619 1765 1770 1912 2128 2231 2249 2244 2325 2078 2063 2043 1583 1206 
1206 2043 2063 2078 2325 2244 2249 2128 2231 1912 1668 1657 1047 953 957 579 576 811 827 1515 1770 1765 1619 1583 
1206 1583 2043 2063 2078 2325 2244 2249 2128 2231 1912 1770 1765 1619 1668 1657 1515 1047 957 953 827 811 576 579 
1206 1583 2043 2063 2078 2325 2244 2249 2128 2231 1912 1770 1765 1619 1668 1657 1515 1047 953 957 827 811 576 579 
1206 1583 2043 2063 2078 2325 2244 2249 2128 2231 1912 1770 1765 1619 1668 1657 1515 1047 953 957 827 811 576 579 
579 576 811 827 957 953 1047 1515 1657 1668 1770 1765 1912 2128 2231 2249 2244 2325 2078 2063 2043 1583 1619 1206 
1206 1583 2043 2063 2078 1619 2325 2244 2249 2231 2128 1912 1770 1765 1668 1657 1515 1047 957 953 827 811 576 579 
1583 1619 1047 827 811 576 579 957 953 1515 1657 1668 1765 1770 1912 2128 2231 2249 2244 2325 2078 2063 2043 1206 
579 576 811 827 953 957 1047 1515 1657 1668 1770 1765 1912 2231 2128 2249 2244 2325 1619 2078 2063 2043 1583 1206 
1206 2043 2063 2078 2325 2244 2249 2128 2231 1912 1668 1657 1047 953 957 579 576 811 827 1515 1770 1765 1619 1583 
1206 1583 2043 2063 2078 1619 2325 2244 2249 2231 2128 1912 1770 1765 1668 1657 1515 1047 957 953 827 811 576 579 
579 576 811 827 953 957 1047 1515 1657 1668 1770 1765 1912 2231 2128 2249 2244 2325 1619 2078 2063 2043 1583 1206 
576 579 811 827 957 953 1047 1515 1657 1668 1765 1770 1912 2128 2231 2249 2244 2325 1619 2078 2063 2043 1583 1206 
579 576 811 827 953 957 1047 1515 1657 1668 1770 1765 1912 2128 2231 2249 2244 2325 1619 2078 2063 2043 1583 1206 
579 576 811 827 957 953 1047 1515 1657 1668 1765 1770 1912 2128 2231 2249 2244 2325 1619 2078 2063 2043 1583 1206 
1340 1494 1489 1588 1834 1943 2182 1963 2003 2034 2028 2257 2159 1560 1174 705 222 219 435 656 769 992 
1340 1494 1489 1588 1834 2182 1943 1963 2003 2028 2034 2257 2159 1560 1174 705 222 219 435 656 769 992 
1340 1494 1489 1588 1834 2182 1943 1963 2003 2028 2257 2159 2034 1560 1174 705 222 219 435 656 992 769 
1340 1489 1494 1588 1834 2182 1943 1963 2003 2034 2028 2257 2159 1560 1174 705 222 219 435 656 769 992 
1340 1489 1494 1588 1834 2182 1943 1963 2003 2034 2028 2257 2159 1560 1174 705 222 219 435 656 769 992 
1340 1494 1489 1588 1834 1943 2182 1963 2003 2028 2034 2257 2159 1560 1174 705 222 219 435 656 769 992 
1340 1494 1489 1588 1834 1943 2182 1963 2003 2028 2034 2159 2257 1560 1174 705 222 219 435 656 769 992 
1340 1489 1494 1588 1834 2182 1943 1963 2003 2028 2034 2257 2159 1560 1174 705 222 219 435 656 992 769 
992 769 656 435 219 222 705 1174 1560 2257 2159 2034 2028 2003 1963 2182 1943 1834 1588 1494 1489 1340 
769 992 656 435 219 222 705 1174 1560 2159 2257 2028 2034 2003 1963 1943 2182 1834 1588 1494 1489 1340 
769 992 656 435 219 222 705 1174 1560 2257 2159 2034 2028 2003 1963 2182 1943 1834 1588 1489 1494 1340 
435 219 222 705 1174 1560 2159 2257 2034 2028 2003 1963 2182 1943 1834 1588 1494 1489 1340 992 769 656 
992 769 656 435 219 222 705 1174 1560 2257 2159 2034 2028 2003 1963 1943 2182 1834 1588 1494 1489 1340 
992 769 656 435 219 222 705 1174 1560 2257 2159 2034 2028 2003 1963 1943 2182 1834 1588 1489 1494 1340 
769 992 656 435 219 222 705 1174 1560 2159 2257 2028 2034 2003 1963 2182 1943 1834 1588 1489 1494 1340 
769 992 1340 1494 1489 1588 1834 1943 2182 1963 2003 2028 2034 2159 2257 1560 1174 705 222 219 435 656 
841 844 1081 1217 1216 1804 2087 1998 1743 1398 1430 1558 2263 2389 1894 1648 1526 1067 206 199 1027 1133 1235 873 387 487 487 
487 487 387 199 206 1067 1027 873 1235 1133 1398 1743 1648 1894 1526 1430 1558 2263 2389 1998 2087 1804 1216 1217 1081 844 841 
841 844 873 1133 1235 1081 1216 1217 1804 2087 1998 1743 1398 1526 1648 1894 2389 2263 1558 1430 1067 1027 206 199 387 487 487 
487 487 387 873 844 841 1081 1217 1216 1804 2087 1998 2389 2263 1558 1430 1648 1894 1526 1743 1398 1133 1235 1027 1067 206 199 
487 487 387 199 206 1067 1027 873 1235 1133 1398 1743 1526 1648 1894 1430 1558 2263 2389 1998 2087 1804 1217 1216 1081 844 841 
487 487 387 199 206 1027 1067 1430 1558 2263 2389 1894 1648 1526 1398 1743 1998 2087 1804 1216 1217 1081 1133 1235 873 844 841 
844 841 1081 1216 1217 1804 2087 1998 2263 2389 1894 1648 1743 1398 1526 1558 1430 1067 206 199 1027 1133 1235 873 387 487 487 
487 487 387 873 844 841 1081 1217 1216 1804 2087 1998 2389 2263 1558 1430 1526 1894 1648 1743 1398 1235 1133 1027 1067 206 199 
199 206 1067 1027 1235 1133 1398 1743 1894 1648 1526 1430 1558 2263 2389 1998 2087 1804 1217 1216 1081 841 844 873 387 487 487 
487 487 387 199 206 1067 1027 873 1235 1133 1398 1743 1894 1648 1526 1430 1558 2263 2389 1998 2087 1804 1217 1216 1081 844 841 
487 487 387 873 844 841 1081 1216 1217 1804 2087 1998 2389 2263 1558 1430 1526 1894 1648 1743 1398 1133 1235 1027 1067 206 199 
487 487 387 1133 1235 873 844 841 1081 1217 1216 1804 2087 1998 1743 1398 1526 1648 1894 2389 2263 1558 1430 1067 1027 206 199 
199 206 1027 1067 1430 1558 2263 2389 1894 1648 1526 1133 1235 1398 1743 1998 2087 1804 1217 1216 1081 841 844 873 387 487 487 
199 206 1067 1027 1235 1133 1398 1526 1430 1558 2263 2389 1894 1648 1743 1998 2087 1804 1217 1216 1081 841 844 873 387 487 487 
199 206 1027 1067 1430 1558 2263 2389 1894 1648 1526 1398 1743 1998 2087 1804 1217 1216 1081 841 844 1235 1133 873 387 487 487 
387 487 487 844 841 1081 1216 1217 1804 2087 1998 1743 1398 1526 1648 1894 2389 2263 1558 1430 1067 1027 1133 1235 873 206 199 
153 298 297 663 302 311 579 822 840 1785 2141 1393 1140 1604 1721 1843 1978 2288 1923 1696 1565 1321 980 484 481 
153 302 311 298 297 663 579 822 840 1785 2141 1393 1140 1604 1721 1843 1978 2288 1923 1696 1565 1321 980 484 481 
484 481 980 1321 1565 1696 1923 2288 1978 1843 1721 1604 1140 1393 2141 1785 840 822 579 311 302 663 297 298 153 
481 484 980 1321 1565 1696 1923 2288 1978 1843 1721 1604 1393 2141 1785 840 822 579 311 302 298 297 1140 663 153 
481 484 980 1321 1565 1696 1923 2288 1978 1843 1721 1604 1140 1393 2141 1785 840 822 579 311 302 663 297 298 153 
481 484 153 298 297 663 302 311 579 822 840 1785 2141 1393 1140 1604 1721 1843 1978 2288 1923 1696 1565 1321 980 
484 481 980 1321 1565 1696 1923 2288 1978 1843 1721 1604 1140 1393 2141 1785 840 822 579 311 302 663 298 297 153 
481 484 980 1321 1565 1696 1923 2288 1978 1843 1721 1604 1140 1393 2141 1785 840 822 579 311 302 663 297 298 153 
153 297 298 663 302 311 579 822 840 1785 2141 1393 1140 1604 1721 1843 1978 2288 1923 1696 1565 1321 980 484 481 
153 297 298 663 302 311 579 822 840 1785 2141 1393 1140 1604 1721 1843 1978 2288 1923 1696 1565 1321 980 481 484 
484 481 980 1321 1565 1696 1923 2288 1978 1843 1721 1604 1140 1393 2141 1785 840 822 579 311 302 663 298 297 153 
484 481 980 1321 1565 1696 1923 2288 1721 1604 1843 1978 2141 1785 1393 1140 663 822 840 579 311 302 298 297 153 
153 297 298 663 302 311 579 822 840 1785 2141 1393 1140 1604 1721 1843 1978 2288 1923 1696 1565 1321 980 484 481 
153 311 302 297 298 663 579 822 840 1785 2141 1393 1140 1604 1721 1843 1978 2288 1923 1696 1565 1321 980 484 481 
153 297 298 663 302 311 579 822 840 1785 2141 1393 1140 1604 1721 1843 1978 2288 1923 1696 1565 1321 980 481 484 
297 298 663 302 311 579 822 840 1785 2141 1393 1140 1604 1721 1843 1978 2288 1923 1696 1565 1321 980 481 484 153 
366 631 627 1326 1361 1389 1718 1735 1737 1839 2193 2332 2084 2010 2021 2024 1784 1418 1080 938 827 113 88 310 522 58 29 
29 58 310 113 88 827 938 1080 1418 1784 2024 2021 2010 2084 2332 2193 1839 1735 1737 1718 1389 1361 1326 627 631 522 366 
366 1326 1361 1389 1418 827 938 1080 1784 2024 2021 2010 2084 2332 2193 1839 1737 1735 1718 627 631 522 310 113 88 58 29 
366 522 631 627 1326 1361 1737 1735 1839 2084 2332 2193 1718 1389 1418 2010 2021 2024 1784 1080 938 827 113 88 310 58 29 
366 631 627 1326 1361 1718 1839 1737 1735 2193 2332 2084 2010 2021 2024 1784 1389 1418 1080 938 827 113 88 310 522 58 29 
1326 1361 1735 1737 1839 1718 2193 2332 2084 2010 2021 2024 1784 1389 1418 1080 938 827 310 113 88 58 522 631 627 29 366 
366 631 627 1326 1361 1389 1718 1735 1737 1839 2193 2332 2084 2010 2021 2024 1784 1418 1080 938 827 88 113 310 522 58 29 
366 631 627 1326 1361 1718 1735 1737 1839 2193 2332 2084 2010 2021 2024 1784 1389 1418 1080 938 827 113 88 310 522 58 29 
29 58 88 113 310 827 938 1080 1418 1784 2024 2021 2010 2084 2332 2193 1839 1737 1735 1718 1389 1361 1326 627 631 522 366 
29 58 310 88 113 1080 938 827 1389 1418 1784 2024 2021 2010 2084 2332 2193 1839 1737 1735 1718 1361 1326 627 631 522 366 
366 522 631 627 1326 1361 1389 1718 1737 1735 1839 2193 2332 2084 2010 2021 2024 1784 1418 1080 938 827 113 88 310 58 29 
366 522 631 627 1326 1361 1389 1718 1735 1737 1839 2193 2332 2084 2010 2021 2024 1784 1418 1080 938 827 113 88 310 58 29 
29 58 522 310 88 113 827 938 1080 1418 1784 2024 2021 2010 2084 2332 2193 1839 1737 1735 1718 1389 1361 1326 627 631 366 
29 58 310 88 113 827 938 1080 1418 1389 1784 2024 2021 2010 2084 2332 2193 1718 1737 1735 1839 1361 1326 627 631 522 366 
29 58 310 113 88 827 938 1080 1418 1389 1784 2024 2021 2010 2084 2332 2193 1839 1737 1735 1718 1361 1326 627 631 522 366 
58 88 113 310 827 938 1080 1389 1418 1784 2024 2021 2010 2084 2332 2193 1839 1737 1735 1718 1361 1326 627 631 522 366 29 
125 373 373 508 729 756 888 1121 1281 813 939 956 2035 2133 2135 2205 2298 1813 1728 1453 1130 979 
125 373 373 508 756 729 888 1121 1281 813 939 956 2035 2135 2133 2205 2298 1813 1728 1453 1130 979 
125 373 373 508 756 888 1121 1281 813 939 956 2035 2133 2135 2205 2298 1813 1728 1453 1130 979 729 
125 979 1121 1281 813 939 956 2035 2133 2135 2205 2298 1728 1813 1453 1130 888 756 729 508 373 373 
979 1121 1281 813 939 956 2035 2133 2135 2205 2298 1813 1728 1453 1130 888 729 756 508 373 373 125 
125 373 373 508 756 729 888 1130 1453 1813 1728 2298 2205 2135 2133 2035 956 939 813 1281 1121 979 
979 1121 1281 813 939 956 2035 2135 2133 2205 2298 1728 1813 1453 1130 888 756 729 508 373 373 125 
979 1121 1281 813 939 956 2035 2135 2133 2205 2298 1728 1813 1453 1130 888 729 756 508 373 373 125 
373 373 508 729 756 813 939 956 2035 2135 2133 2205 2298 1813 1728 1453 1130 1281 1121 888 979 125 
125 373 373 508 729 756 813 939 956 2035 2135 2133 2205 2298 1813 1728 1453 1130 1281 1121 888 979 
373 373 508 756 729 888 1121 1281 813 939 956 2035 2135 2133 2205 2298 1728 1813 1453 1130 979 125 
125 979 1121 1281 813 939 956 2035 2133 2135 2205 2298 1813 1728 1453 1130 888 756 729 508 373 373 
373 373 508 729 756 888 1130 1453 1728 1813 2298 2205 2135 2133 2035 956 939 813 1281 1121 979 125 
125 373 373 508 756 729 888 1130 1453 1728 1813 2298 2205 2135 2133 2035 956 939 813 1281 1121 979 
373 373 508 729 756 813 939 956 2035 2133 2135 2205 2298 1728 1813 1453 1130 1281 1121 888 979 125 
756 888 1130 1453 1728 1813 2298 2205 2133 2135 2035 956 939 813 1281 1121 979 729 508 373 373 125 
604 1018 1349 1707 2047 2228 2112 2133 1904 1431 1072 838 718 672 468 332 179 153 153 145 248 20 
20 248 145 153 153 179 332 468 672 718 838 1072 1431 1904 2133 2112 2228 2047 1707 1349 1018 604 
20 153 153 179 332 468 672 718 838 1072 1431 1904 2133 2112 2228 2047 1707 1349 1018 604 248 145 
20 604 1018 1349 1707 2047 2228 2112 2133 1904 1431 1072 838 718 672 468 332 179 248 145 153 153 
604 1018 1349 1707 2047 2228 2112 2133 1904 1431 1072 838 718 672 468 332 179 145 248 153 153 20 
20 248 145 153 153 179 332 468 672 718 838 1072 1431 1904 2133 2112 2228 2047 1707 1349 1018 604 
604 1018 1349 1707 2047 2228 2112 2133 1904 1431 1072 838 718 672 468 332 179 153 153 145 248 20 
604 1018 1349 1707 2047 2228 2112 2133 1904 1431 1072 838 718 672 468 332 179 145 248 20 153 153 
248 604 1018 1349 1707 2047 2228 2112 2133 1904 1431 1072 838 718 672 468 332 179 153 153 145 20 
20 153 153 248 145 179 332 468 672 718 838 1072 1431 1904 2133 2112 2228 2047 1707 1349 1018 604 
248 604 1018 1349 1707 2047 2228 2112 2133 1904 1431 1072 838 718 672 468 332 179 145 153 153 20 
20 604 1018 1349 1707 2047 2228 2112 2133 1904 1431 1072 838 718 672 468 332 179 248 145 153 153 
153 153 145 179 332 468 672 718 838 1072 1431 1904 2133 2112 2228 2047 1707 1349 1018 604 248 20 
153 153 20 248 145 179 332 468 672 718 838 1072 1431 1904 2133 2112 2228 2047 1707 1349 1018 604 
153 153 145 248 179 332 468 672 718 838 1072 1431 1904 2133 2112 2228 2047 1707 1349 1018 604 20 
153 153 20 248 604 1018 1349 1707 2047 2228 2133 2112 1904 1431 1072 838 718 672 468 332 179 145 
1443 1579 1804 1942 2290 2334 2356 2111 2034 1557 1547 1535 1503 1177 929 352 324 99 79 797 1004 766 364 
79 99 352 324 1177 929 797 1004 1503 1535 1547 1557 2034 2111 2356 2334 2290 1942 1804 1579 1443 766 364 
364 766 1443 1579 1804 1942 2290 2334 2356 2111 2034 1557 1547 1503 1535 1177 929 1004 797 324 352 99 79 
364 766 797 1004 1503 1443 1579 1804 1942 2290 2334 2356 2111 2034 1557 1547 1535 1177 929 352 324 99 79 
364 766 1443 1579 1804 1942 2290 2334 2356 2111 2034 1557 1547 1535 1503 1177 929 1004 797 324 352 99 79 
364 79 99 352 324 929 1177 1535 1547 1557 2034 2111 2356 2334 2290 1942 1804 1579 1443 1503 1004 797 766 
364 766 797 1004 1503 1443 1579 1804 1942 2290 2334 2356 2111 2034 1557 1547 1535 1177 929 324 352 99 79 
364 766 797 1004 1503 1443 1579 1804 1942 2290 2334 2356 2111 2034 1557 1547 1535 1177 929 324 352 99 79 
79 99 352 324 1177 929 1535 1547 1557 2034 2111 2356 2334 2290 1942 1804 1579 1443 1503 1004 797 766 364 
364 766 1004 797 79 99 352 324 929 1177 1503 1535 1547 1557 2034 2111 2356 2334 2290 1942 1804 1579 1443 
79 99 352 324 929 1177 1535 1547 1557 2034 2111 2356 2334 2290 1942 1804 1579 1443 1503 1004 797 766 364 
364 766 797 1004 1503 1443 1579 1804 1942 2290 2334 2356 2111 2034 1557 1547 1535 1177 929 324 352 99 79 
79 99 352 324 929 1177 1535 1547 1557 2034 2111 2356 2334 2290 1942 1804 1579 1443 1503 797 1004 766 364 
79 99 352 324 797 1004 929 1177 1503 1535 1547 1557 2034 2111 2356 2334 2290 1942 1804 1579 1443 766 364 
79 99 352 324 797 1004 929 1177 1535 1503 1547 1557 2034 2111 2356 2334 2290 1942 1804 1579 1443 766 364 
364 766 1443 1579 1804 1942 2290 2334 2356 2111 2034 1557 1547 1535 1503 1177 929 1004 797 324 352 99 79 
1203 1329 869 877 1024 1239 1282 1533 1649 1749 1619 1857 2096 2189 2349 2367 2386 1883 1782 1179 1066 445 525 400 400 
400 400 525 445 1066 1179 1782 1749 1619 1857 2189 2096 2349 2367 2386 1883 1649 1533 1282 1239 1024 877 869 1329 1203 
1203 1329 2189 2096 2349 2386 2367 1883 1857 1619 1749 1649 1782 1179 1066 1533 1282 1239 869 877 1024 525 445 400 400 
1203 1329 1239 869 877 1024 1282 1619 1857 2189 2096 2349 2367 2386 1883 1782 1749 1649 1533 1066 1179 445 525 400 400 
1203 1329 1239 869 877 1024 1282 1533 2386 2367 2349 2096 2189 1857 1883 1619 1749 1649 1782 1179 1066 445 525 400 400 
400 400 525 445 1066 1179 1782 1649 1749 1619 1857 2189 2096 2349 2367 2386 1883 1533 1282 1239 1024 877 869 1329 1203 
1203 1329 2189 2096 2349 2386 2367 1883 1857 1619 1749 1649 1782 1533 1066 1179 1282 1239 869 877 1024 445 525 400 400 
1203 1329 2189 2096 2349 2386 2367 1883 1857 1619 1749 1649 1782 1533 1066 1179 1024 1282 1239 869 877 445 525 400 400 
400 400 525 445 1179 1066 1024 877 869 1239 1282 1533 1782 1649 1749 1619 1857 1883 2386 2367 2349 2096 2189 1329 1203 
400 400 525 445 1066 1179 1782 1649 1883 2367 2386 2349 2096 2189 1857 1619 1749 1533 1282 1239 1024 877 869 1329 1203 
869 877 1024 1239 1203 1329 2189 2096 2349 2367 2386 1883 1857 1619 1749 1649 1782 1533 1282 1066 1179 445 525 400 400 
1203 1329 1239 869 877 1024 1282 1533 1883 2386 2367 2349 2096 2189 1857 1619 1749 1649 1782 1179 1066 445 525 400 400 
400 400 525 445 1066 1179 1782 1649 1883 2367 2386 2349 2189 2096 1857 1619 1749 1533 1282 1239 1024 877 869 1329 1203 
400 400 525 445 1066 1179 1782 1649 1883 2386 2367 2349 2096 2189 1857 1619 1749 1533 1282 1239 1024 877 869 1329 1203 
400 400 525 445 877 1024 1066 1179 1782 1749 1619 1857 2096 2189 2349 2386 2367 1883 1649 1533 1282 1239 1203 1329 869 
400 400 525 445 1024 1179 1066 1282 1533 1782 1649 1749 1619 1857 1883 2367 2386 2349 2096 2189 1329 1203 1239 869 877 
27 53 53 43 171 235 235 331 901 1509 1420 1630 1669 2146 2379 2038 1980 2087 1946 1825 1929 1850 1493 1346 1441 
27 171 53 53 43 235 235 331 901 1493 1630 1669 1509 1420 2038 2379 2146 1980 2087 1946 1929 1825 1850 1346 1441 
53 53 43 331 235 235 1420 1630 1669 2038 2379 2146 1980 2087 1946 1850 1825 1929 1441 1346 1493 1509 901 171 27 
27 171 901 1509 1669 1630 1493 1346 1441 1825 2087 1946 1929 1850 1980 2146 2379 2038 1420 235 235 331 43 53 53 
1441 1346 1493 1850 1929 1825 1946 2087 1980 2146 2379 2038 1669 1630 1420 1509 901 331 235 235 43 53 53 171 27 
1441 1346 1493 1929 1825 1850 1946 2087 1980 2146 2379 2038 1669 1630 1420 1509 901 235 235 331 43 53 53 27 171 
1441 1346 1493 1946 2087 1825 1929 1850 1980 2146 2379 2038 1669 1630 1420 1509 901 331 235 235 43 53 53 171 27 
1441 1346 1493 1929 1850 1825 1946 2087 1980 2038 2379 2146 1669 1630 1420 1509 901 331 235 235 171 27 53 53 43 
53 53 43 901 1493 1346 1441 1825 1929 1850 1946 2087 1980 2146 2379 2038 1669 1630 1509 1420 235 235 331 171 27 
27 53 53 171 43 331 235 235 901 1509 1420 2038 2379 2146 1669 1630 1493 1980 1850 2087 1946 1825 1929 1346 1441 
171 901 1493 1346 1441 1929 1850 1825 2087 1946 1980 2146 2379 2038 1669 1630 1509 1420 235 235 331 43 53 53 27 
27 171 331 235 235 1420 2038 2379 2146 1669 1630 1493 1346 1441 1825 1850 1929 1946 2087 1980 1509 901 43 53 53 
43 53 53 27 171 235 235 331 901 1509 1630 1669 1420 2038 2379 2146 1980 1946 2087 1850 1825 1929 1493 1346 1441 
171 331 235 235 1420 1509 1630 1669 2038 2379 2146 1980 1850 1825 1946 2087 1929 1441 1346 1493 901 43 53 53 27 
53 53 43 901 1509 1669 1630 1493 1346 1441 1929 1825 1850 1946 2087 1980 2146 2379 2038 1420 235 235 331 171 27 
171 27 53 53 901 1493 1346 1441 1929 1850 1825 2087 1946 1980 2146 2379 2038 1669 1630 1509 1420 235 235 331 43 
601 611 889 1129 1345 1606 2282 2388 1883 1743 1864 1872 1670 1771 1406 828 911 552 325 218 40 
40 218 325 552 911 828 1406 1771 1670 1743 1864 1872 1883 2388 2282 1606 1345 1129 889 611 601 
601 611 889 1129 1345 1606 2282 2388 1883 1743 1864 1872 1771 1670 1406 911 828 552 325 218 40 
601 611 889 1129 1345 2282 1606 1743 1864 1872 2388 1883 1771 1670 1406 911 828 552 325 218 40 
601 611 889 1129 1345 1606 2282 2388 1883 1743 1864 1872 1670 1771 1406 828 911 552 325 218 40 
40 218 325 552 911 828 1406 1670 1771 2388 1883 1872 1864 1743 1606 2282 1345 1129 889 611 601 
601 611 889 1129 1345 2282 1606 1743 1864 1872 2388 1883 1771 1670 1406 911 828 552 218 325 40 
601 611 889 1129 1345 1606 2282 2388 1883 1743 1864 1872 1771 1670 1406 828 911 552 325 218 40 
40 218 325 552 911 828 1406 1670 1771 1743 1864 1872 1883 2388 2282 1606 1345 1129 889 611 601 
40 218 325 552 828 911 1406 1771 1670 1872 1864 1743 1883 2388 2282 1606 1345 1129 889 611 601 
601 611 889 1129 1345 1606 2282 2388 1883 1743 1864 1872 1771 1670 1406 828 911 552 218 325 40 
601 611 889 1129 1345 2282 1606 1743 1864 1872 1883 2388 1771 1670 1406 911 828 552 325 218 40 
40 218 325 552 911 828 1406 1670 1771 1872 1864 1743 1883 2388 2282 1606 1345 1129 889 611 601 
40 218 325 552 828 911 1406 1771 1670 1883 2388 1872 1864 1743 1606 2282 1345 1129 889 611 601 
40 218 325 552 911 828 1406 1771 1670 1872 1864 1743 1883 2388 2282 1606 1345 1129 889 611 601 
40 325 218 552 911 828 1406 1771 1670 1743 1864 1872 1883 2388 2282 1606 1345 1129 889 611 601 
128 152 31 640 645 443 575 111 99 220 590 1199 1407 1914 2340 2080 1518 917 1018 1341 1444 1562 730 607 603 6 
128 6 31 152 220 99 111 575 590 443 645 640 917 1018 1518 1407 1199 1914 2340 2080 1562 1444 1341 730 603 607 
603 607 730 640 645 917 1018 1341 1444 1562 2080 2340 1518 1407 1914 1199 590 443 575 111 220 99 31 152 128 6 
6 128 603 607 730 1341 1444 1562 2080 2340 1518 1407 1914 1199 917 1018 640 645 443 575 590 220 99 111 152 31 
607 603 730 1341 1444 1562 2080 2340 1518 1407 1914 1199 99 220 111 575 590 443 917 1018 645 640 128 152 31 6 
128 6 31 152 99 220 111 575 590 443 640 645 917 1018 1199 1914 1407 1518 2340 2080 1562 1444 1341 730 607 603 
603 607 730 1562 1444 1341 1018 917 1518 2080 2340 1914 1407 1199 590 111 220 99 575 443 645 640 152 128 31 6 
603 607 730 1341 1444 1562 2080 2340 1914 1199 1407 1518 1018 917 590 99 220 111 575 443 645 640 152 128 6 31 
6 31 152 220 99 111 575 590 443 645 640 917 1018 1518 1407 1199 1914 2340 2080 1341 1562 1444 730 607 603 128 
6 31 128 152 111 99 220 575 590 443 640 645 917 1018 1518 1407 1199 1914 2340 2080 1341 1444 1562 730 607 603 
128 152 730 603 607 640 645 917 1018 1341 1444 1562 2080 2340 1518 1407 1914 1199 590 443 575 111 220 99 31 6 
6 152 128 603 607 730 640 645 917 1018 1341 1444 1562 2080 2340 1518 1407 1914 1199 590 443 575 111 220 99 31 
31 152 128 730 1018 917 640 645 443 111 99 220 575 590 1199 1914 1407 1518 2340 2080 1562 1341 1444 603 607 6 
31 6 128 152 111 220 99 575 443 590 1199 1914 1407 1518 2340 2080 1562 1444 1341 1018 917 645 640 730 607 603 
31 128 152 220 99 111 575 590 443 640 645 917 1018 1518 1407 1199 1914 2340 2080 1341 1444 1562 730 607 603 6 
152 111 220 99 575 443 590 1199 1914 1407 1518 2340 2080 1562 1444 1341 1018 917 645 640 730 603 607 128 6 31 
738 970 1329 1468 1931 2334 2058 2041 1942 1833 1705 1595 1346 1371 1374 1018 1004 806 944 1544 815 229 99 113 55 49 153 
153 49 55 229 113 99 944 1544 815 806 1004 1018 1374 1371 1346 1595 1833 1705 1942 2041 2058 2334 1931 1468 1329 970 738 
738 970 1329 1346 1468 1595 1833 1931 2058 2041 1942 2334 1705 1371 1374 1018 1004 806 944 1544 815 229 113 99 55 49 153 
738 970 1004 1018 2334 2058 2041 1942 1931 1705 1833 1595 1468 1346 1329 1371 1374 1544 944 806 815 229 113 99 55 49 153 
738 970 1329 1931 1942 2041 2058 2334 1833 1705 1468 1595 1346 1371 1374 1018 1004 806 1544 944 815 229 99 113 55 49 153 
738 970 1329 1346 1468 1705 1931 1942 2041 2058 2334 1833 1595 1371 1374 1018 1004 806 1544 944 815 229 113 99 55 49 153 
738 970 1329 1468 1595 1931 1942 2041 2058 2334 1833 1705 1346 1371 1374 1018 1004 806 944 1544 815 229 99 113 55 49 153 
738 970 1329 1346 1931 1942 2041 2058 2334 1833 1705 1595 1468 1371 1374 1018 1004 806 815 944 1544 229 99 113 55 49 153 
153 49 55 229 99 113 944 1544 815 806 1004 1018 1374 1371 1595 1833 1705 1931 2334 2058 2041 1942 1468 1346 1329 970 738 
153 49 55 113 99 229 815 1544 944 806 1004 1018 1374 1371 1468 1705 1931 2334 2058 2041 1942 1833 1595 1346 1329 970 738 
153 49 55 99 113 229 806 815 944 1544 1374 1371 1346 1595 2334 1942 2041 2058 1931 1833 1705 1468 1329 1018 1004 970 738 
738 970 1329 1346 2334 2058 2041 1942 1931 1833 1705 1595 1468 1371 1374 1018 1004 806 1544 944 815 229 113 99 55 49 153 
153 49 55 229 113 99 944 1544 815 806 1004 1018 1374 1371 1346 1705 1833 1931 2041 2058 1942 2334 1595 1468 1329 970 738 
153 49 55 113 99 229 815 1544 944 806 1004 1018 1374 1371 1595 1833 1942 2041 2058 2334 1931 1705 1468 1346 1329 970 738 
153 49 55 99 113 229 944 1544 815 806 1004 1018 1374 1371 1468 1595 1833 1931 1942 2041 2058 2334 1705 1346 1329 970 738 
49 55 113 99 229 815 1544 944 806 1004 1018 1374 1371 1595 1468 1931 1942 2041 2058 2334 1705 1833 1346 1329 738 970 153 
148 271 642 643 660 421 218 213 572 1405 1669 1886 1883 1883 2102 1967 2071 1692 1470 1331 1084 
148 271 642 660 643 421 218 213 572 1405 1669 1886 1883 1883 2102 1967 2071 1692 1470 1331 1084 
1084 1331 1470 1692 2071 1967 2102 1883 1883 1886 1669 1405 660 643 642 572 218 213 421 271 148 
1084 1331 1470 1692 1967 2071 2102 1883 1883 1886 1669 1405 572 213 218 421 660 642 643 148 271 
1084 1331 1470 1692 2071 1967 2102 1883 1883 1886 1669 1405 572 213 218 421 660 642 643 271 148 
1084 1331 1470 1692 2071 1967 2102 1883 1883 1886 1669 1405 572 213 218 421 660 643 642 271 148 
1084 1331 1470 1692 1967 2071 2102 1883 1883 1886 1669 1405 572 218 213 421 660 643 642 271 148 
1084 1331 1470 1692 1967 2071 2102 1883 1883 1886 1669 1405 572 218 213 421 660 643 642 148 271 
148 271 642 643 660 421 213 218 572 1405 1669 1886 1883 1883 2102 1967 2071 1692 1470 1331 1084 
148 271 642 643 660 421 213 218 572 1405 1669 1886 1883 1883 2102 2071 1967 1692 1470 1331 1084 
148 271 642 643 660 421 213 218 572 1405 1669 1886 1883 1883 2102 1967 2071 1692 1470 1331 1084 
1084 1331 1470 1692 2071 1967 2102 1883 1883 1886 1669 1405 572 218 213 421 660 643 642 148 271 
271 148 643 642 660 421 218 213 572 1405 1669 1886 1883 1883 2102 1967 2071 1692 1470 1331 1084 
271 148 643 642 660 421 213 218 572 1405 1669 1886 1883 1883 2102 1967 2071 1692 1470 1331 1084 
271 148 642 643 660 421 213 218 572 1405 1669 1886 1883 1883 2102 1967 2071 1692 1470 1331 1084 
271 148 1084 1331 1470 1692 2071 1967 2102 1883 1883 1886 1669 1405 572 213 218 421 660 643 642 
