1460 1462 1579 1801 2303 2190 1705 1735 2085 2342 2393 1295 1073 958 1030 933 794 448 431 165 761 901 1137 1375 1233 855 
1081 1206 1232 1248 1372 1444 1921 1928 1931 1845 2389 2145 1309 1162 948 671 701 345 90 433 
379 873 867 1129 1206 1097 1444 1344 1837 2187 2290 2196 2125 2149 1774 1633 1518 1551 1438 1418 1150 820 464 423 396 270 
365 304 331 454 467 824 1182 929 1152 1133 1503 2119 2191 1942 1828 1955 1688 1443 975 889 870 500 
520 59 341 595 479 468 928 1032 1897 1994 2003 2303 2166 1929 1835 1813 1691 1345 1599 1619 1381 1019 655 536 526 
855 1233 1375 1462 1460 1579 1801 1705 2190 2303 2393 2342 2085 1735 1137 761 901 1030 958 1073 1295 933 794 448 431 165 
1081 1206 1232 1248 1372 1444 1921 1928 1931 1845 2389 2145 1309 1162 948 671 701 345 433 90 
379 873 867 1129 1206 1097 1444 1344 1518 1837 2187 2290 2196 2125 2149 1774 1633 1551 1438 1418 1150 820 464 423 396 270 
365 500 1443 1688 1955 1828 1942 2191 2119 1503 1133 870 975 889 929 1152 1182 824 467 454 331 304 
520 536 526 655 1019 1381 1619 1599 1345 1691 1929 2166 2303 1813 1835 2003 1994 1897 928 1032 595 468 479 341 59 
165 431 448 794 933 958 1073 1295 1030 901 761 1137 1375 1735 2085 2342 2393 2303 2190 1705 1801 1579 1460 1462 1233 855 
90 433 345 701 671 948 1162 1309 2145 2389 1845 1931 1928 1921 1444 1372 1248 1232 1206 1081 
270 396 423 464 820 1150 1418 1438 1551 1633 1774 2149 2125 2196 2290 2187 1837 1518 1344 1444 1097 1206 1129 867 873 379 
304 331 454 467 824 1182 929 1152 1133 1503 2119 2191 1942 1955 1828 1688 1443 975 889 870 500 365 
59 341 479 595 468 928 1032 1897 1994 2003 2303 2166 1929 1813 1835 1691 1345 1599 1619 1381 1019 655 536 520 526 
855 1233 1462 1460 1579 1801 1705 2190 2303 2393 2342 2085 1735 1375 1137 901 761 1030 1295 1073 958 933 794 448 431 165 
90 433 345 701 671 948 1162 1309 2145 2389 1845 1931 1928 1921 1444 1372 1248 1232 1206 1081 
379 873 867 1129 1206 1097 1444 1344 1518 1837 2187 2290 2196 2125 2149 1774 1633 1551 1438 1418 1150 820 464 423 396 270 
365 500 1443 1688 1955 1828 1942 2191 2119 1503 1133 870 975 889 929 1152 1182 824 467 454 331 304 
520 526 536 655 1019 1381 1599 1345 1691 2303 2166 1929 1813 1835 1619 2003 1994 1897 1032 928 468 595 479 341 59 
