414.70 462.60 408.60 441.90 377.10 475.80 431.50 454.10 354.30 433.90 481.70 445.00 357.70 457.20 384.80 479.40 
405.70 452.00 384.10 432.80 368.10 458.30 422.60 452.30 350.80 421.70 472.30 436.00 348.70 445.00 375.80 472.00 
410.20 457.00 392.10 437.80 378.80 464.20 429.10 450.70 356.40 424.50 481.90 443.20 355.80 445.20 377.80 476.00 
417.40 448.00 380.10 434.70 366.60 455.00 419.50 451.60 353.20 413.20 471.10 436.10 356.60 456.70 376.60 478.10 
405.70 452.00 394.50 432.80 371.30 463.80 423.50 445.10 345.30 423.40 483.20 437.60 348.70 445.40 372.80 469.00 
416.30 463.90 382.00 427.70 366.20 461.90 413.60 457.00 346.40 427.30 464.00 430.90 357.70 452.80 382.50 485.80 
402.40 449.40 392.70 428.80 371.10 455.70 427.90 446.50 351.50 413.20 468.10 437.60 344.00 441.80 370.80 476.50 
406.80 440.60 374.10 425.60 364.70 444.20 411.10 455.10 354.30 404.20 460.30 429.40 353.00 454.10 367.60 476.30 
406.80 465.30 389.10 443.00 376.90 478.00 430.10 461.50 350.90 422.20 479.30 446.60 353.00 445.20 385.60 482.20 
397.80 456.40 392.70 428.80 371.70 456.60 418.50 446.50 351.50 413.20 475.20 440.80 344.00 437.40 368.80 472.10 
408.20 454.60 398.30 439.20 378.60 459.80 429.90 464.10 358.80 431.60 476.60 444.80 349.60 445.70 381.60 477.30 
405.90 445.60 386.30 438.70 368.60 448.50 419.90 468.10 349.80 411.40 471.70 434.30 348.70 446.40 373.50 475.40 
415.40 450.60 394.30 434.70 366.60 452.50 419.50 458.80 353.20 413.20 469.70 436.10 358.10 459.00 381.50 467.30 
406.80 440.40 371.10 425.60 364.70 444.20 410.50 455.10 354.30 404.20 460.30 427.10 353.00 442.80 368.60 482.70 
412.30 449.80 386.30 436.00 372.80 462.20 419.90 456.00 349.80 411.40 465.30 439.80 348.70 446.40 373.50 470.80 
421.80 446.00 392.80 441.60 378.60 440.40 428.00 465.20 358.80 420.40 463.60 442.60 357.70 452.80 372.30 486.20 
