58.523 2.196 0.425 1 5
57.706 2.058 0.425 1 5
9.220 2.327 0.974 1 0
10.296 -0.089 1.330 1 0
63.159 1.381 1.594 1 3
85.563 0.181 3.520 1 10
164.454 -0.503 1.055 2 6
110.386 1.804 3.520 2 10
105.380 1.749 3.520 2 6
75.326 -0.242 1.387 2 4
96.260 0.463 1.064 2 9
112.058 1.277 3.520 2 7
67.179 2.274 0.523 2 1
49.041 1.438 0.423 2 2
94.021 1.132 3.520 2 7
80.654 0.833 1.351 2 1
18.682 0.266 0.467 2 1
29.069 1.170 1.717 2 5
69.871 0.445 3.520 2 6
35.355 2.036 1.491 2 3
106.170 1.634 1.761 2 4
18.439 1.795 1.840 2 5
