95.603 -2.719 -4.295 1 11
94.372 -0.121 -1.355 1 8
94.578 -0.198 -1.355 1 8
81.320 -2.200 -1.358 1 8
59.506 -0.287 -1.347 1 3
36.346 -2.857 -4.003 1 3
34.928 -0.084 -1.398 1 2
21.095 0.052 -1.500 1 1
15.232 -0.258 -1.500 1 0
24.083 -1.341 -4.338 1 1
11.402 -1.158 -1.424 1 0
27.203 -2.053 -1.308 1 2
148.000 -0.530 -1.277 2 5
179.212 -2.120 -1.440 2 6
161.966 -0.657 -1.349 2 0
108.227 -2.580 -4.102 2 2
141.227 -1.054 -1.277 2 2
155.039 -1.244 -1.321 2 1
195.921 -1.341 -2.205 2 4
100.439 -1.690 -1.277 2 2
84.646 -0.258 -1.562 2 0
63.891 -1.109 -2.608 2 3
193.396 -1.728 -1.277 2 5
118.849 -0.984 -2.650 2 3
38.897 -2.183 -1.277 2 6
27.313 0.013 -1.739 2 3
52.555 -0.520 -2.630 2 4
22.361 -0.734 -2.764 2 5
120.037 -0.180 -1.918 2 5
