78.262 -0.133 -3.702 1 7
57.245 -0.008 -3.840 1 5
55.902 -0.133 -3.795 1 5
51.313 -0.247 -3.795 1 5
24.331 0.165 -1.003 1 0
28.302 -2.253 -1.033 1 2
32.202 -0.791 -3.810 1 4
68.964 -0.946 -2.058 1 7
55.154 -0.850 -1.900 1 5
62.626 -0.898 -2.058 1 6
93.392 -1.014 -2.424 1 9
54.562 -0.520 -2.049 1 5
60.141 -0.420 -2.327 1 6
152.411 -2.515 -3.851 2 8
129.016 0.285 -3.811 2 4
139.176 -2.134 -4.041 2 7
75.286 -2.474 -0.914 2 3
172.540 -1.122 -2.058 2 6
66.068 -2.623 -2.187 2 5
71.840 -0.133 -2.204 2 5
