------------------------------------------------------------------- 
Name: wangfeng 
Date: 2009-06-04 
Number of Terminations: 109 
Number of Bifurcations: 53 
------------------------------------------------------------------- 
------------------------------------------------------------------- 
Terminations : 
------------------------------------------------------------------- 
X          Y     Angle 
  7 	  49 	 7.00 
100 	   7 	 153.00 
  7 	 179 	 7.00 
189 	   7 	 211.00 
  7 	 223 	 7.00 
240 	   8 	 138.00 
  8 	 164 	 8.00 
198 	   9 	 110.00 
  9 	 251 	 10.00 
123 	  11 	 82.00 
 17 	 264 	 28.00 
259 	  27 	 265.00 
 34 	  23 	 35.00 
246 	  37 	 277.00 
 41 	  41 	 42.00 
 68 	  45 	 204.00 
 46 	 102 	 46.00 
122 	  47 	 81.00 
 51 	 293 	 54.00 
 71 	  59 	 9.00 
 61 	 293 	 62.00 
111 	  66 	 249.00 
 68 	 237 	 82.00 
  7 	  83 	 216.00 
 85 	 176 	 86.00 
160 	  95 	 197.00 
102 	 158 	 102.00 
172 	 107 	 8.00 
110 	 294 	 112.00 
159 	 111 	 286.00 
115 	 143 	 116.00 
171 	 120 	 283.00 
122 	 294 	 131.00 
263 	 132 	 197.00 
135 	 294 	 145.00 
215 	 146 	 294.00 
149 	   6 	 150.00 
 71 	 151 	 174.00 
156 	  71 	 158.00 
294 	 163 	 205.00 
169 	 292 	 175.00 
252 	 177 	 163.00 
178 	  71 	 180.00 
242 	 181 	 294.00 
184 	 167 	 191.00 
294 	 198 	 171.00 
206 	 293 	 215.00 
293 	 225 	 292.00 
229 	 245 	 232.00 
294 	 237 	 6.00 
237 	  82 	 237.00 
252 	 243 	 294.00 
252 	 293 	 253.00 
265 	 254 	 248.00 
261 	  13 	 262.00 
294 	 270 	 293.00 
276 	 186 	 279.00 
283 	 279 	 294.00 
285 	 209 	 288.00 
177 	 290 	 33.00 
292 	 170 	 292.00 
204 	 292 	 280.00 
293 	  47 	 293.00 
 86 	 293 	 98.00 
293 	 111 	 293.00 
142 	 293 	 161.00 
293 	 213 	 293.00 
242 	 294 	 63.00 
294 	  75 	 294.00 
123 	 294 	 180.00 
294 	 187 	 294.00 
197 	 294 	 257.00 
294 	 273 	 ------------------------------------------------------------------- 
Bifurcations : 
------------------------------------------------------------------- 
X          Y     Angle 1     Angle 2    Angle 3 
 21 	  60 	 36.00 	 	 50.00 	 	 48.00 
 62 	  57 	 24.00 	 	 59.00 	 	 88.00 
 71 	 258 	 79.00 	 	 142.00 	 	 80.00 
128 	  80 	 114.00 	 	 89.00 	 	 153.00 
 92 	 126 	 97.00 	 	 138.00 	 	 103.00 
138 	 108 	 19.00 	 	 111.00 	 	 123.00 
116 	 276 	 121.00 	 	 151.00 	 	 132.00 
124 	 135 	 70.00 	 	 140.00 	 	 107.00 
152 	  81 	 152.00 	 	 183.00 	 	 153.00 
107 	 166 	 110.00 	 	 164.00 	 	 96.00 
166 	  81 	 170.00 	 	 169.00 	 	 177.00 
285 	 179 	 128.00 	 	 183.00 	 	 114.00 
189 	 174 	 193.00 	 	 69.00 	 	 198.00 
101 	 198 	 84.00 	 	 201.00 	 	 133.00 
201 	 148 	 207.00 	 	 119.00 	 	 214.00 
152 	 220 	 140.00 	 	 226.00 	 	 188.00 
231 	 204 	 235.00 	 	 161.00 	 	 239.00 
115 	 241 	 207.00 	 	 246.00 	 	 118.00 
245 	 282 	 246.00 	 	 150.00 	 	 252.00 
199 	 255 	 153.00 	 	 274.00 	 	 161.00 
281 	 148 	 284.00 	 	 166.00 	 	 288.00 
153 	 